Node Population Gap_0 Gap_200 Gap_400 Gap_600 Gap_800 Gap_1000 Gap_1200 Gap_1400 Gap_1600 Gap_1800 Gap_2000 Gap_2200 Gap_2400 Gap_2600 Gap_2800 Gap_3000 Gap_3200 Gap_3400 Gap_3600 Gap_3800 Gap_4000 Gap_4200 Gap_4400 Gap_4600 Gap_4800 Gap_5000
-56.5205728--33.3766462 53 1 1 1 3 4 6 7 8 11 11 12 13 13 13 13 13 13 13 13 14 14 14 14 14 14 14
-56.5224147--33.3757994 43 1 1 1 2 5 7 7 9 11 11 12 13 13 13 13 13 13 13 13 13 14 14 14 14 14 14
-56.5234439--33.3753314 52 1 1 1 3 6 7 7 9 10 12 12 12 13 13 13 13 13 13 13 13 14 14 14 14 14 14
-56.5253924--33.3744556 37 1 1 1 3 5 6 7 8 10 12 12 12 13 13 13 13 13 13 13 13 14 14 14 14 14 14
-56.5234439--33.3753314 45 1 1 1 3 6 7 7 9 10 12 12 12 13 13 13 13 13 13 13 13 14 14 14 14 14 14
-56.5210843--33.3774581 44 1 1 1 2 3 5 7 8 10 11 12 13 13 13 13 13 13 13 13 14 14 14 14 14 14 14
-56.5225618--33.377819 60 1 1 2 2 3 5 7 9 10 11 12 13 13 13 13 13 13 13 13 14 14 14 14 14 14 14
-56.5229576--33.3766137 64 1 1 1 3 4 7 7 9 11 11 12 13 13 13 13 13 13 13 13 14 14 14 14 14 14 14
-56.5234976--33.3774001 43 1 1 1 2 3 5 8 9 10 11 12 13 13 13 13 13 13 13 13 14 14 14 14 14 14 14
-56.5239497--33.376147 24 1 1 1 1 5 6 8 8 10 11 12 13 13 13 13 13 13 13 13 13 14 14 14 14 14 14
-56.5244811--33.3769535 64 1 1 1 2 4 6 8 8 10 11 12 13 13 13 13 13 13 13 13 14 14 14 14 14 14 14
-56.5258989--33.3752632 39 1 1 1 2 4 7 7 8 9 11 12 13 13 13 13 13 13 13 13 13 14 14 14 14 14 14
-56.5264323--33.3760783 75 1 1 1 1 4 7 7 7 9 11 12 13 13 13 13 13 13 13 13 14 14 14 14 14 14 14
-56.5239497--33.376147 36 1 1 1 1 5 6 8 8 10 11 12 13 13 13 13 13 13 13 13 13 14 14 14 14 14 14
-56.5244811--33.3769535 0 1 1 1 2 4 6 8 8 10 11 12 13 13 13 13 13 13 13 13 14 14 14 14 14 14 14
-56.5230983--33.3786332 24 1 1 2 2 3 4 7 9 9 10 12 12 13 13 13 13 13 13 14 14 14 14 14 14 14 14
-56.5240412--33.3782108 53 1 1 2 2 3 4 8 9 10 11 12 13 13 13 13 13 13 13 14 14 14 14 14 14 14 14
-56.5250104--33.3777885 24 1 1 1 2 2 6 7 9 9 10 12 13 13 13 13 13 13 13 13 14 14 14 14 14 14 14
-56.5259936--33.3773501 64 1 1 1 2 3 7 7 9 9 10 13 13 13 13 13 13 13 13 13 14 14 14 14 14 14 14
-56.5259936--33.3773501 16 1 1 1 2 3 7 7 9 9 10 13 13 13 13 13 13 13 13 13 14 14 14 14 14 14 14
-56.5236033--33.3794361 27 1 1 2 2 2 3 7 9 9 11 12 12 13 13 13 13 13 13 14 14 14 14 14 14 14 14
-56.5231318--33.3806776 48 1 1 1 2 2 3 5 7 10 10 11 12 12 13 13 13 13 14 14 14 14 14 14 14 14 14
-56.5245561--33.3789944 48 1 1 2 2 2 4 7 9 9 11 12 12 13 13 13 13 13 13 14 14 14 14 14 14 14 14
-56.5251109--33.3798044 68 1 1 2 2 2 4 6 9 9 11 12 12 13 13 13 13 13 14 14 14 14 14 14 14 14 14
-56.525526--33.3785658 63 1 1 2 2 2 5 7 9 9 10 12 13 13 13 13 13 13 13 14 14 14 14 14 14 14 14
-56.5260377--33.3793822 45 1 1 2 2 3 3 7 8 9 10 11 12 13 13 13 13 13 13 14 14 14 14 14 14 14 14
-56.5274552--33.3776957 40 1 1 1 2 3 5 7 8 9 9 12 13 13 13 13 13 13 13 14 14 14 14 14 14 14 14
-56.5270049--33.3789369 53 1 1 1 2 3 4 8 8 9 10 11 13 13 13 13 13 13 13 14 14 14 14 14 14 14 14
-56.5264878--33.3781396 60 1 1 1 2 3 5 7 8 9 9 11 13 13 13 13 13 13 13 14 14 14 14 14 14 14 14
-56.5270049--33.3789369 69 1 1 1 2 3 4 8 8 9 10 11 13 13 13 13 13 13 13 14 14 14 14 14 14 14 14
-56.5275267--33.3797587 66 1 1 1 2 3 3 6 8 8 10 10 11 13 13 13 13 13 14 14 14 14 14 14 14 14 14
-56.5275267--33.3797587 55 1 1 1 2 3 3 6 8 8 10 10 11 13 13 13 13 13 14 14 14 14 14 14 14 14 14
-56.5204569--33.3746132 58 1 1 1 3 6 7 8 9 9 12 12 12 13 13 13 13 13 13 13 13 13 14 14 14 14 14
-56.5200461--33.375833 35 1 1 1 2 5 7 7 8 10 11 12 13 13 13 13 13 13 13 13 13 14 14 14 14 14 14
-56.5229335--33.374535 37 1 1 1 4 5 7 7 9 10 12 12 12 13 13 13 13 13 13 13 13 13 14 14 14 14 14
-56.5239211--33.3740864 52 1 1 2 5 5 6 7 9 11 12 12 12 13 13 13 13 13 13 13 13 13 14 14 14 14 14
-56.5258437--33.3731846 71 1 1 1 3 5 5 7 8 10 11 12 12 12 13 13 13 13 13 13 13 13 14 14 14 14 14
-56.5206061--33.374544 49 1 1 1 4 6 7 8 9 9 12 12 12 13 13 13 13 13 13 13 13 13 14 14 14 14 14
-56.521889--33.375018 57 1 1 1 3 7 7 8 9 10 12 12 12 13 13 13 13 13 13 13 13 14 14 14 14 14 14
-56.5229335--33.374535 57 1 1 1 4 5 7 7 9 10 12 12 12 13 13 13 13 13 13 13 13 13 14 14 14 14 14
-56.5219267--33.3729218 48 1 1 3 4 6 6 8 9 11 11 12 12 12 13 13 13 13 13 13 13 13 13 14 14 14 14
-56.5233929--33.3732806 48 1 1 2 5 5 6 7 9 11 11 12 12 12 13 13 13 13 13 13 13 13 14 14 14 14 14
-56.5238545--33.3720153 54 1 1 2 4 5 6 6 10 11 11 12 12 12 13 13 13 13 13 13 13 13 13 14 14 14 14
-56.524369--33.3728335 72 1 1 1 5 5 5 7 10 11 11 12 12 12 13 13 13 13 13 13 13 13 13 14 14 14 14
-56.5238545--33.3720153 53 1 1 2 4 5 6 6 10 11 11 12 12 12 13 13 13 13 13 13 13 13 13 14 14 14 14
-56.5253342--33.3723962 38 1 1 2 3 5 5 7 9 10 11 12 12 12 13 13 13 13 13 13 13 13 13 14 14 14 14
-56.5219267--33.3729218 51 1 1 3 4 6 6 8 9 11 11 12 12 12 13 13 13 13 13 13 13 13 13 14 14 14 14
-56.5224023--33.3737209 46 1 1 2 4 6 7 8 9 11 11 12 12 12 13 13 13 13 13 13 13 13 14 14 14 14 14
-56.5203055--33.3726143 47 1 1 3 4 5 8 9 9 10 11 12 12 12 13 13 13 13 13 13 13 13 13 14 14 14 14
-56.5197646--33.3718108 59 1 1 4 4 5 7 9 10 10 10 11 12 12 12 13 13 13 13 13 13 13 13 14 14 14 14
-56.5192401--33.3709973 4 1 1 4 4 5 7 9 10 10 10 11 12 12 12 13 13 13 13 13 13 13 13 13 14 14 14
-56.5187179--33.3702438 0 1 1 2 5 6 6 8 10 10 10 10 11 12 12 12 13 13 13 13 13 13 13 13 14 14 14
-56.5203646--33.3704936 98 1 1 4 4 5 7 9 10 10 10 11 11 12 12 12 13 13 13 13 13 13 13 13 14 14 14
-56.5213816--33.3721082 63 1 2 3 4 5 7 9 10 10 11 11 12 12 12 13 13 13 13 13 13 13 13 14 14 14 14
-56.5203646--33.3704936 76 1 1 4 4 5 7 9 10 10 10 11 11 12 12 12 13 13 13 13 13 13 13 13 14 14 14
-56.5195585--33.3692162 20 1 1 3 4 5 7 9 10 10 10 11 11 12 12 12 13 13 13 13 13 13 13 13 13 14 14
-56.5198561--33.3696908 79 1 1 4 4 5 7 9 10 10 10 11 11 12 12 12 13 13 13 13 13 13 13 13 13 14 14
-56.5225304--33.3715724 62 1 2 3 3 6 6 7 10 11 11 11 12 12 12 13 13 13 13 13 13 13 13 13 14 14 14
-56.5242802--33.3707704 60 1 1 2 4 4 6 7 10 11 11 11 12 12 12 13 13 13 13 13 13 13 13 13 14 14 14
-56.5228623--33.3704616 92 1 2 3 3 6 6 8 10 11 11 11 12 12 12 13 13 13 13 13 13 13 13 13 14 14 14
-56.5227078--33.3704407 96 1 2 3 3 6 6 8 10 11 11 11 12 12 12 12 13 13 13 13 13 13 13 13 14 14 14
-56.5223205--33.3695962 26 1 1 2 3 4 8 9 9 10 11 11 11 12 12 12 13 13 13 13 13 13 13 13 13 14 14
-56.5215276--33.3683306 9 1 1 2 3 5 8 9 9 10 11 11 11 11 12 12 12 13 13 13 13 13 13 13 13 14 14
-56.5222942--33.3675548 0 1 1 1 2 5 6 9 9 9 11 11 11 11 12 12 12 13 13 13 13 13 13 13 13 13 14
-56.5208192--33.3692355 62 1 1 2 4 5 8 9 9 10 10 11 11 12 12 12 13 13 13 13 13 13 13 13 13 14 14
-56.5218012--33.3687795 67 1 1 2 4 4 8 9 9 10 11 11 11 12 12 12 13 13 13 13 13 13 13 13 13 14 14
-56.5222879--33.3715467 56 1 2 3 3 6 6 7 10 11 11 11 12 12 12 13 13 13 13 13 13 13 13 13 14 14 14
-56.5208701--33.3713047 36 1 2 3 4 5 7 9 10 10 11 11 12 12 12 13 13 13 13 13 13 13 13 13 14 14 14
-56.521844--33.3708583 24 2 2 3 3 5 7 9 10 10 11 11 12 12 12 13 13 13 13 13 13 13 13 13 14 14 14
-56.5233418--33.3712063 0 1 1 3 3 5 6 8 10 11 11 11 12 12 12 13 13 13 13 13 13 13 13 13 14 14 14
-56.5222942--33.3675548 0 1 1 1 2 5 6 9 9 9 11 11 11 11 12 12 12 13 13 13 13 13 13 13 13 13 14
-56.5231999--33.3671414 0 1 1 1 2 2 6 7 9 9 10 11 11 11 12 12 12 13 13 13 13 13 13 13 13 13 14
-56.522762--33.3683345 53 1 1 1 2 4 7 9 9 9 11 11 11 11 12 12 12 13 13 13 13 13 13 13 13 14 14
-56.5236925--33.3678981 0 1 1 1 2 6 6 8 9 10 11 11 11 11 12 12 12 13 13 13 13 13 13 13 13 14 14
-56.5255954--33.3670125 23 1 1 1 2 4 6 6 8 10 10 11 11 11 11 12 12 12 13 13 13 13 13 13 13 13 13
-56.5232605--33.3691422 71 1 1 2 3 5 7 8 9 11 11 11 11 12 12 12 13 13 13 13 13 13 13 13 13 14 14
-56.5241912--33.3687011 94 1 1 1 2 4 6 8 9 10 11 11 11 12 12 12 13 13 13 13 13 13 13 13 13 14 14
-56.5251242--33.368272 74 1 1 1 3 5 6 7 9 10 11 11 11 11 12 12 12 13 13 13 13 13 13 13 13 14 14
-56.5237704--33.369945 52 1 1 2 3 4 6 8 9 11 11 11 11 12 12 12 13 13 13 13 13 13 13 13 14 14 14
-56.5242802--33.3707704 59 1 1 2 4 4 6 7 10 11 11 11 12 12 12 13 13 13 13 13 13 13 13 13 14 14 14
-56.5247053--33.36952 109 1 1 2 4 4 7 7 9 11 11 11 11 12 12 12 13 13 13 13 13 13 13 13 14 14 14
-56.5256471--33.3690772 114 1 1 1 3 4 5 7 9 10 11 11 11 12 12 12 13 13 13 13 13 13 13 13 13 14 14
-56.5261685--33.3698804 64 1 1 2 3 4 5 8 8 9 11 11 11 12 12 12 13 13 13 13 13 13 13 13 14 14 14
-56.5252219--33.3703275 66 1 1 1 4 4 5 7 9 11 11 11 12 12 12 13 13 13 13 13 13 13 13 13 14 14 14
-56.5267747--33.372759 75 1 1 1 2 4 6 6 9 9 10 12 12 12 13 13 13 13 13 13 13 13 14 14 14 14 14
-56.5248082--33.3715748 32 1 1 1 4 5 5 6 10 11 11 11 12 12 12 13 13 13 13 13 13 13 13 14 14 14 14
-56.5253342--33.3723962 70 1 1 2 3 5 5 7 9 10 11 12 12 12 13 13 13 13 13 13 13 13 13 14 14 14 14
-56.5276125--33.373402 83 1 1 1 2 4 6 7 7 9 11 12 12 12 13 13 13 13 13 13 13 13 14 14 14 14 14
-56.5257478--33.3711341 100 1 1 2 3 4 5 8 8 10 11 11 12 12 12 13 13 13 13 13 13 13 13 14 14 14 14
-56.5262607--33.3719599 63 1 1 1 2 5 5 6 9 10 11 12 12 12 13 13 13 13 13 13 13 13 13 14 14 14 14
-56.5277434--33.3723155 70 1 1 1 1 3 6 6 8 9 10 12 12 12 13 13 13 13 13 13 13 13 13 14 14 14 14
-56.5266894--33.3707066 64 1 1 1 2 4 5 7 8 10 11 11 12 12 12 13 13 13 13 13 13 13 13 13 14 14 14
-56.528188--33.3710723 56 1 1 1 1 2 5 7 7 9 10 11 12 12 12 13 13 13 13 13 13 13 13 13 14 14 14
-56.5296627--33.3714222 179 1 1 1 1 1 3 7 7 8 9 10 12 12 12 13 13 13 13 13 13 13 13 13 14 14 14
-56.5286987--33.3718726 90 1 1 1 1 2 5 7 7 9 9 10 12 12 12 13 13 13 13 13 13 13 13 14 14 14 14
-56.5286168--33.3698043 91 1 1 1 1 2 5 6 7 8 10 11 11 12 12 12 13 13 13 13 13 13 13 13 13 14 14
-56.5276562--33.3702444 89 1 1 1 2 3 5 7 8 8 10 11 11 12 12 12 13 13 13 13 13 13 13 13 14 14 14
-56.528188--33.3710723 43 1 1 1 1 2 5 7 7 9 10 11 12 12 12 13 13 13 13 13 13 13 13 13 14 14 14
-56.5306026--33.3709867 44 1 1 1 1 1 2 5 7 7 9 9 10 12 12 12 13 13 13 13 13 13 13 13 14 14 14
-56.5291477--33.3706299 109 1 1 1 1 2 3 7 7 8 9 10 11 12 12 12 13 13 13 13 13 13 13 13 14 14 14
-56.5318184--33.3713782 27 1 1 1 1 1 3 4 5 8 8 9 9 11 12 12 13 13 13 13 13 13 13 13 14 14 14
-56.5295676--33.3693615 89 1 1 1 1 2 3 5 7 8 8 10 11 11 12 12 12 13 13 13 13 13 13 13 13 14 14
-56.5300977--33.370192 101 1 1 1 1 1 2 7 7 7 9 10 11 12 12 12 13 13 13 13 13 13 13 13 13 14 14
-56.5271337--33.3694398 80 1 1 1 2 4 5 6 8 9 11 11 11 12 12 12 13 13 13 13 13 13 13 13 13 14 14
-56.5274853--33.3661745 9 1 1 1 1 2 4 6 6 8 10 10 11 11 11 11 12 12 12 13 13 13 13 13 13 13 13
-56.5265476--33.3665612 2 1 1 1 2 3 4 6 7 9 10 10 11 11 11 12 12 12 13 13 13 13 13 13 13 13 13
-56.5281065--33.368992 127 1 1 1 2 3 5 5 8 8 9 11 11 11 12 12 12 13 13 13 13 13 13 13 13 14 14
-56.5299422--33.3681453 117 1 1 1 1 2 3 5 7 8 8 10 11 11 11 12 12 12 13 13 13 13 13 13 13 13 14
-56.5299422--33.3681453 30 1 1 1 1 2 3 5 7 8 8 10 11 11 11 12 12 12 13 13 13 13 13 13 13 13 14
-56.5266211--33.3686227 100 1 1 1 3 5 5 7 8 9 11 11 11 11 12 12 12 13 13 13 13 13 13 13 13 14 14
-56.5275755--33.3681883 157 1 1 1 2 4 5 5 7 9 10 11 11 11 12 12 12 13 13 13 13 13 13 13 13 13 14
-56.5255954--33.3670125 28 1 1 1 2 4 6 6 8 10 10 11 11 11 11 12 12 12 13 13 13 13 13 13 13 13 13
-56.526106--33.3678185 56 1 1 1 2 4 5 6 8 10 10 11 11 11 12 12 12 13 13 13 13 13 13 13 13 13 14
-56.5274853--33.3661745 29 1 1 1 1 2 4 6 6 8 10 10 11 11 11 11 12 12 12 13 13 13 13 13 13 13 13
-56.5270641--33.3673721 22 1 1 1 1 4 5 6 7 9 10 11 11 11 11 12 12 12 13 13 13 13 13 13 13 13 14
-56.5287489--33.3665751 1 1 1 1 1 2 4 5 6 7 9 10 11 11 11 11 12 12 12 13 13 13 13 13 13 13 13
-56.5287489--33.3665751 23 1 1 1 1 2 4 5 6 7 9 10 11 11 11 11 12 12 12 13 13 13 13 13 13 13 13
-56.5253924--33.3744556 44 1 1 1 3 5 6 7 8 10 12 12 12 13 13 13 13 13 13 13 13 14 14 14 14 14 14
-56.5268715--33.374797 40 1 1 1 2 3 7 7 7 8 11 12 12 13 13 13 13 13 13 13 13 14 14 14 14 14 14
-56.5274038--33.3756404 37 1 1 1 1 4 6 7 7 9 10 11 13 13 13 13 13 13 13 13 13 14 14 14 14 14 14
-56.5263618--33.3739833 56 1 1 1 3 4 6 7 8 9 11 12 12 13 13 13 13 13 13 13 13 13 14 14 14 14 14
-56.5268715--33.374797 68 1 1 1 2 3 7 7 7 8 11 12 12 13 13 13 13 13 13 13 13 14 14 14 14 14 14
-56.5274038--33.3756404 0 1 1 1 1 4 6 7 7 9 10 11 13 13 13 13 13 13 13 13 13 14 14 14 14 14 14
-56.5278044--33.3736875 97 1 1 1 2 3 6 7 7 9 9 11 12 12 13 13 13 13 13 13 13 13 14 14 14 14 14
-56.5278232--33.3743622 80 1 1 1 2 4 5 7 7 9 10 11 12 13 13 13 13 13 13 13 13 14 14 14 14 14 14
-56.5293191--33.3747659 62 1 1 1 3 3 4 6 7 8 10 10 11 13 13 13 13 13 13 13 13 14 14 14 14 14 14
-56.5292113--33.3726796 88 1 1 1 1 2 4 6 8 8 9 11 12 12 13 13 13 13 13 13 13 13 13 14 14 14 14
-56.529738--33.3734831 72 1 1 1 1 3 4 5 8 8 9 10 11 12 13 13 13 13 13 13 13 13 14 14 14 14 14
-56.5302834--33.3743272 58 1 1 1 2 3 3 5 7 8 9 10 11 13 13 13 13 13 13 13 13 13 14 14 14 14 14
-56.5304362--33.3726609 90 1 1 1 1 2 4 5 8 8 9 10 11 12 12 13 13 13 13 13 13 13 13 14 14 14 14
-56.5306857--33.3730543 88 1 1 1 1 2 3 4 8 8 8 10 11 12 13 13 13 13 13 13 13 13 13 14 14 14 14
-56.5317013--33.3746686 58 1 1 1 1 3 3 4 5 8 9 9 10 12 13 13 13 13 13 13 13 13 14 14 14 14 14
-56.5312247--33.3738966 30 1 1 1 1 3 3 4 6 8 8 10 10 11 13 13 13 13 13 13 13 13 14 14 14 14 14
-56.5313964--33.3722262 21 1 1 1 1 1 3 4 6 8 8 9 10 12 12 13 13 13 13 13 13 13 13 13 14 14 14
-56.5319757--33.3731049 0 1 1 1 1 2 3 4 6 8 8 10 10 11 13 13 13 13 13 13 13 13 13 14 14 14 14
-56.5319757--33.3731049 72 1 1 1 1 2 3 4 6 8 8 10 10 11 13 13 13 13 13 13 13 13 13 14 14 14 14
-56.5301711--33.3722391 34 1 1 1 1 1 4 5 7 8 9 9 11 12 12 13 13 13 13 13 13 13 13 14 14 14 14
-56.5313964--33.3722262 37 1 1 1 1 1 3 4 6 8 8 9 10 12 12 13 13 13 13 13 13 13 13 13 14 14 14
-56.5310821--33.3781113 11 1 1 1 1 2 4 4 6 8 8 9 11 11 12 13 13 13 13 14 14 14 14 14 14 14 14
-56.5298402--33.3800341 69 1 1 1 1 2 4 4 6 8 9 9 10 12 13 13 13 13 14 14 14 14 14 14 14 14 14
-56.5301595--33.3806895 16 1 1 1 1 2 4 5 6 9 9 9 10 11 12 13 13 13 14 14 14 14 14 14 14 14 14
-56.5278986--33.3764394 37 1 1 1 1 4 5 7 7 8 9 11 13 13 13 13 13 13 13 13 14 14 14 14 14 14 14
-56.5284318--33.377258 39 1 1 1 2 3 5 6 8 8 9 11 12 13 13 13 13 13 13 13 14 14 14 14 14 14 14
-56.5289514--33.3780587 48 1 1 1 2 3 4 6 8 8 8 10 12 13 13 13 13 13 13 14 14 14 14 14 14 14 14
-56.5294747--33.378866 35 1 1 1 2 3 3 6 7 8 9 10 11 12 13 13 13 13 13 14 14 14 14 14 14 14 14
-56.5307404--33.3789243 29 1 1 1 1 2 4 5 6 8 9 9 11 11 12 13 13 13 13 14 14 14 14 14 14 14 14
-56.5288679--33.3759965 91 1 1 1 2 3 5 6 7 8 10 10 12 13 13 13 13 13 13 13 14 14 14 14 14 14 14
-56.5284318--33.377258 75 1 1 1 2 3 5 6 8 8 9 11 12 13 13 13 13 13 13 13 14 14 14 14 14 14 14
-56.5299029--33.3776287 40 1 1 1 2 3 4 5 7 8 8 11 11 12 13 13 13 13 13 14 14 14 14 14 14 14 14
-56.5309882--33.3774427 36 1 1 1 1 3 4 4 6 8 8 10 11 12 13 13 13 13 13 13 14 14 14 14 14 14 14
-56.5298279--33.3755745 77 1 1 1 3 3 4 5 7 8 9 10 12 13 13 13 13 13 13 13 13 14 14 14 14 14 14
-56.5303505--33.3763911 55 1 1 1 2 3 4 5 6 8 9 10 11 12 13 13 13 13 13 13 14 14 14 14 14 14 14
-56.5313037--33.3759381 100 1 1 1 2 3 4 4 5 8 9 9 11 12 13 13 13 13 13 13 13 14 14 14 14 14 14
-56.5307895--33.3751305 26 1 1 1 3 3 3 5 6 8 9 10 10 12 13 13 13 13 13 13 13 14 14 14 14 14 14
-56.5307895--33.3751305 41 1 1 1 3 3 3 5 6 8 9 10 10 12 13 13 13 13 13 13 13 14 14 14 14 14 14
-56.5283789--33.3857638 78 1 1 1 1 1 3 5 5 5 8 9 10 10 11 13 14 14 14 14 14 14 14 14 14 14 14
-56.5261582--33.3835156 31 1 1 1 2 2 3 5 6 6 9 10 10 11 12 12 14 14 14 14 14 14 14 14 14 14 14
-56.5261582--33.3835156 19 1 1 1 2 2 3 5 6 6 9 10 10 11 12 12 14 14 14 14 14 14 14 14 14 14 14
-56.5278447--33.3848375 58 1 1 1 1 2 3 5 5 6 8 9 10 11 11 13 14 14 14 14 14 14 14 14 14 14 14
-56.526658--33.3843303 64 1 1 1 1 2 3 4 5 6 7 10 10 11 12 12 14 14 14 14 14 14 14 14 14 14 14
-56.527169--33.3851362 37 1 1 1 1 2 3 4 5 6 6 9 10 10 11 13 14 14 14 14 14 14 14 14 14 14 14
-56.527699--33.3869882 51 1 1 1 1 2 3 3 5 5 5 8 9 10 11 12 13 14 14 14 14 14 14 14 14 14 14
-56.5291395--33.3803475 22 1 1 1 1 3 4 5 7 9 9 10 10 12 13 13 13 13 14 14 14 14 14 14 14 14 14
-56.5276425--33.3817741 13 1 1 1 1 2 4 4 6 9 10 10 11 12 13 13 13 14 14 14 14 14 14 14 14 14 14
-56.5280323--33.3805647 60 1 1 1 1 3 4 5 8 9 10 10 11 13 13 13 13 13 14 14 14 14 14 14 14 14 14
-56.5265716--33.3801703 148 1 1 1 2 3 3 6 8 9 10 11 12 13 13 13 13 13 14 14 14 14 14 14 14 14 14
-56.5267265--33.3821939 16 1 1 1 1 3 3 4 6 9 10 10 11 12 12 13 13 14 14 14 14 14 14 14 14 14 14
-56.5271108--33.3809786 81 1 1 1 2 2 4 4 7 9 10 10 11 12 13 13 13 13 14 14 14 14 14 14 14 14 14
-56.5236644--33.3814916 44 1 1 1 1 2 3 5 6 9 10 11 12 12 13 13 13 14 14 14 14 14 14 14 14 14 14
-56.5256414--33.3806001 63 1 1 1 2 2 4 5 7 10 10 11 12 12 13 13 13 13 14 14 14 14 14 14 14 14 14
-56.5246749--33.3831289 51 1 1 1 1 2 3 3 6 6 10 10 11 12 12 13 14 14 14 14 14 14 14 14 14 14 14
-56.5267265--33.3821939 21 1 1 1 1 3 3 4 6 9 10 10 11 12 12 13 13 14 14 14 14 14 14 14 14 14 14
-56.5241727--33.3823289 40 1 1 1 1 3 3 4 6 7 10 10 11 12 12 13 13 14 14 14 14 14 14 14 14 14 14
-56.5261856--33.3814068 57 1 1 1 2 2 4 5 6 9 10 11 12 12 13 13 13 14 14 14 14 14 14 14 14 14 14
-56.522185--33.3811161 121 1 1 1 1 2 2 5 7 9 10 11 12 12 13 13 13 13 14 14 14 14 14 14 14 14 14
-56.521228--33.3815581 41 1 1 1 1 2 2 3 6 9 10 11 11 12 12 13 13 14 14 14 14 14 14 14 14 14 14
-56.5202573--33.3820043 47 1 1 1 1 1 2 3 7 8 9 10 11 12 12 13 13 14 14 14 14 14 14 14 14 14 14
-56.519311--33.3824482 98 1 1 1 1 1 2 3 5 7 9 10 11 12 12 13 14 14 14 14 14 14 14 14 14 14 14
-56.518344--33.3828989 90 1 1 1 1 1 1 3 4 7 8 9 10 11 12 12 14 14 14 14 14 14 14 14 14 14 14
-56.5226872--33.3819301 28 1 1 1 1 2 3 4 5 9 10 10 11 12 12 13 13 14 14 14 14 14 14 14 14 14 14
-56.5231959--33.3827651 76 1 1 1 1 1 3 3 6 8 9 10 11 12 12 13 13 14 14 14 14 14 14 14 14 14 14
-56.5217437--33.3823697 70 1 1 1 1 1 2 3 7 8 9 10 11 12 12 13 13 14 14 14 14 14 14 14 14 14 14
-56.5222457--33.3831779 60 1 1 1 1 1 3 3 5 7 9 10 11 11 12 12 14 14 14 14 14 14 14 14 14 14 14
-56.5207592--33.3828161 56 1 1 1 1 1 2 3 6 7 9 10 11 12 12 13 14 14 14 14 14 14 14 14 14 14 14
-56.5212557--33.383621 94 1 1 1 1 1 1 4 5 7 8 9 10 11 12 12 14 14 14 14 14 14 14 14 14 14 14
-56.5202075--33.384108 0 1 1 1 1 1 1 4 5 6 7 9 10 11 12 13 14 14 14 14 14 14 14 14 14 14 14
-56.5198047--33.3832548 47 1 1 1 1 1 1 4 5 7 8 9 10 11 12 12 14 14 14 14 14 14 14 14 14 14 14
-56.5202936--33.3840676 91 1 1 1 1 1 1 4 5 6 7 9 10 11 12 13 14 14 14 14 14 14 14 14 14 14 14
-56.5188418--33.3836911 56 1 1 1 1 1 1 2 5 6 7 9 10 11 12 12 14 14 14 14 14 14 14 14 14 14 14
-56.5193354--33.3844887 51 1 1 1 1 1 1 2 5 5 7 8 9 10 11 13 13 14 14 14 14 14 14 14 14 14 14
-56.5201439--33.3841371 0 1 1 1 1 1 1 4 5 6 7 8 10 11 12 13 14 14 14 14 14 14 14 14 14 14 14
-56.5237023--33.3835709 36 1 1 1 1 2 3 3 5 6 9 10 10 11 12 12 14 14 14 14 14 14 14 14 14 14 14
-56.5227415--33.3840116 62 1 1 1 1 1 2 4 4 7 8 10 10 11 12 12 14 14 14 14 14 14 14 14 14 14 14
-56.5217589--33.3844403 39 1 1 1 1 1 2 4 4 6 7 9 10 11 12 13 14 14 14 14 14 14 14 14 14 14 14
-56.5217589--33.3844403 77 1 1 1 1 1 2 4 4 6 7 9 10 11 12 13 14 14 14 14 14 14 14 14 14 14 14
-56.5198147--33.3852771 36 1 1 1 1 1 1 3 4 5 6 7 9 10 11 13 13 14 14 14 14 14 14 14 14 14 14
-56.524205--33.3843919 43 1 1 1 1 2 2 4 5 6 7 10 10 11 12 12 14 14 14 14 14 14 14 14 14 14 14
-56.5247078--33.3852067 68 1 1 1 2 2 2 4 4 5 6 8 10 10 11 13 13 14 14 14 14 14 14 14 14 14 14
-56.5232403--33.384827 50 1 1 1 1 2 2 4 4 5 7 9 10 11 11 13 13 14 14 14 14 14 14 14 14 14 14
-56.5237283--33.385634 69 1 1 1 1 2 3 3 4 5 7 8 10 10 11 13 13 14 14 14 14 14 14 14 14 14 14
-56.5222599--33.3852503 58 1 1 1 1 1 3 3 4 6 7 8 10 10 11 13 13 14 14 14 14 14 14 14 14 14 14
-56.5227571--33.3860574 57 1 1 1 1 2 3 3 4 4 6 7 9 10 12 13 13 14 14 14 14 14 14 14 14 14 14
-56.5212941--33.3856672 57 1 1 1 1 1 3 3 4 5 6 7 9 10 12 13 13 14 14 14 14 14 14 14 14 14 14
-56.5218053--33.3864917 61 1 1 1 1 1 3 3 3 4 6 7 8 10 11 12 13 13 14 14 14 14 14 14 14 14 14
-56.5203335--33.3861096 33 1 1 1 1 1 2 3 3 5 6 7 8 10 11 12 13 13 14 14 14 14 14 14 14 14 14
-56.5208278--33.3869321 63 1 1 1 1 1 3 3 3 4 5 6 7 9 11 12 13 13 14 14 14 14 14 14 14 14 14
-56.5226202--33.3798725 0 1 1 1 2 2 3 6 8 9 11 12 12 13 13 13 13 13 14 14 14 14 14 14 14 14 14
-56.5206844--33.3786855 52 1 1 1 2 2 3 6 8 9 10 12 12 13 13 13 13 13 13 14 14 14 14 14 14 14 14
-56.5221032--33.3790729 89 1 1 2 2 2 3 6 9 9 11 12 12 13 13 13 13 13 13 14 14 14 14 14 14 14 14
-56.5207021--33.3807268 40 1 1 1 1 2 2 4 7 9 10 11 12 12 13 13 13 13 14 14 14 14 14 14 14 14 14
-56.5206844--33.3786855 21 1 1 1 2 2 3 6 8 9 10 12 12 13 13 13 13 13 13 14 14 14 14 14 14 14 14
-56.521169--33.3794861 32 1 1 1 2 2 3 5 8 9 11 12 12 13 13 13 13 13 13 14 14 14 14 14 14 14 14
-56.5197375--33.3811491 56 1 1 1 1 2 2 3 5 9 10 11 12 12 13 13 13 14 14 14 14 14 14 14 14 14 14
-56.5196907--33.3791271 24 1 1 1 2 2 4 5 6 9 11 12 12 13 13 13 13 13 13 14 14 14 14 14 14 14 14
-56.5201783--33.3799057 37 1 1 1 2 2 2 4 7 9 11 12 12 13 13 13 13 13 14 14 14 14 14 14 14 14 14
-56.5187853--33.3815802 63 1 1 1 1 1 3 3 5 8 9 10 11 12 12 13 13 14 14 14 14 14 14 14 14 14 14
-56.5177872--33.3799794 52 1 1 1 1 3 3 4 5 7 10 11 12 12 13 13 13 13 14 14 14 14 14 14 14 14 14
-56.5182641--33.3807507 84 1 1 1 1 2 3 3 4 8 10 11 12 12 13 13 13 14 14 14 14 14 14 14 14 14 14
-56.5177873--33.3820088 62 1 1 1 1 1 2 3 3 6 9 10 11 12 12 13 13 14 14 14 14 14 14 14 14 14 14
-56.5168133--33.3804182 131 1 1 1 1 1 3 3 4 6 9 11 12 12 13 13 13 13 14 14 14 14 14 14 14 14 14
-56.5172839--33.3811849 52 1 1 1 1 1 3 3 4 6 9 10 11 12 12 13 13 14 14 14 14 14 14 14 14 14 14
-56.5287101--33.386869 36 1 1 1 1 1 3 3 5 5 5 8 9 10 11 12 13 14 14 14 14 14 14 14 14 14 14
-56.5291248--33.3876641 0 1 1 1 1 1 2 3 4 5 5 6 9 9 11 12 12 13 14 14 14 14 14 14 14 14 14
-56.5281243--33.3885525 0 1 1 1 1 2 2 3 4 5 5 5 8 10 11 11 12 13 14 14 14 14 14 14 14 14 14
-56.5277814--33.3878089 0 1 1 1 1 2 3 3 4 5 5 6 9 11 11 12 13 14 14 14 14 14 14 14 14 14 14
-56.5278181--33.3871005 6 1 1 1 1 2 3 3 5 5 5 8 9 10 11 12 13 14 14 14 14 14 14 14 14 14 14
-56.5213251--33.3877466 46 1 1 1 1 1 2 3 3 3 4 6 7 9 11 11 12 13 13 14 14 14 14 14 14 14 14
-56.5223351--33.3893826 28 1 1 1 1 2 2 2 3 3 4 5 7 8 10 11 11 12 13 13 14 14 14 14 14 14 14
-56.5218263--33.3885666 63 1 1 1 1 2 2 3 3 3 4 6 6 8 11 11 12 13 13 14 14 14 14 14 14 14 14
-56.5222923--33.3873087 63 1 1 1 1 2 3 3 3 4 6 6 7 11 11 12 13 13 14 14 14 14 14 14 14 14 14
-56.5233019--33.3889492 77 1 1 1 2 2 2 3 3 3 4 6 7 8 11 11 12 13 13 14 14 14 14 14 14 14 14
-56.5228018--33.3881265 77 1 1 1 1 2 2 3 3 3 4 6 7 9 11 11 12 13 13 14 14 14 14 14 14 14 14
-56.5232542--33.3868872 49 1 1 1 1 2 3 3 3 4 6 7 7 10 11 12 13 13 14 14 14 14 14 14 14 14 14
-56.5242493--33.3885133 68 1 1 1 2 2 2 3 3 4 5 6 7 10 11 11 12 13 13 14 14 14 14 14 14 14 14
-56.5237592--33.3877068 0 1 1 1 1 2 3 3 3 4 5 6 7 10 11 12 13 13 14 14 14 14 14 14 14 14 14
-56.5262034--33.3855558 75 1 1 1 1 2 3 4 5 5 6 8 10 10 11 13 13 14 14 14 14 14 14 14 14 14 14
-56.5242381--33.386449 69 1 1 1 1 2 3 3 4 5 5 7 9 10 12 12 13 13 14 14 14 14 14 14 14 14 14
-56.5276258--33.3877484 55 1 1 1 1 2 3 3 4 5 5 6 9 11 11 12 13 14 14 14 14 14 14 14 14 14 14
-56.5252393--33.3880703 39 1 1 1 1 2 3 3 3 5 5 5 9 11 11 12 12 13 14 14 14 14 14 14 14 14 14
-56.5267235--33.3863717 50 1 1 1 1 2 3 3 4 5 6 6 10 10 12 13 13 14 14 14 14 14 14 14 14 14 14
-56.5257108--33.3868311 65 1 1 1 1 2 3 3 4 5 5 6 9 10 11 12 13 13 14 14 14 14 14 14 14 14 14
-56.5247423--33.3872605 62 1 1 1 1 2 3 3 3 4 5 7 7 10 11 12 13 13 14 14 14 14 14 14 14 14 14
-56.5247423--33.3872605 80 1 1 1 1 2 3 3 3 4 5 7 7 10 11 12 13 13 14 14 14 14 14 14 14 14 14
-56.5247648--33.3913868 36 1 1 1 2 2 2 2 2 3 3 6 6 7 10 11 11 11 12 13 14 14 14 14 14 14 14
-56.5247419--33.3893234 54 1 1 1 2 2 2 3 3 3 5 5 7 10 11 11 12 13 13 14 14 14 14 14 14 14 14
-56.52669--33.3884528 29 1 1 1 1 2 3 3 3 5 5 5 8 11 11 11 12 13 14 14 14 14 14 14 14 14 14
-56.5257445--33.3888883 47 1 1 1 2 2 2 3 3 4 5 5 7 11 11 11 12 13 13 14 14 14 14 14 14 14 14
-56.5281243--33.3885525 0 1 1 1 1 2 2 3 4 5 5 5 8 10 11 11 12 13 14 14 14 14 14 14 14 14 14
-56.5273556--33.3895898 21 1 1 1 2 2 2 2 3 3 5 5 5 9 10 11 11 12 13 14 14 14 14 14 14 14 14
-56.5228091--33.3901956 48 1 1 1 2 2 2 2 3 3 3 5 7 7 10 11 11 12 13 13 14 14 14 14 14 14 14
-56.5238198--33.3918339 146 1 1 1 1 2 2 2 2 3 3 5 6 7 8 11 11 11 12 13 13 14 14 14 14 14 14
-56.5237945--33.389758 68 1 1 1 2 2 2 2 3 3 4 5 7 8 11 11 11 12 13 13 14 14 14 14 14 14 14
-56.5245--33.3909488 88 1 1 1 2 2 2 2 3 3 3 6 7 7 10 11 11 12 12 13 14 14 14 14 14 14 14
-56.5247648--33.3913868 0 1 1 1 2 2 2 2 2 3 3 6 6 7 10 11 11 11 12 13 14 14 14 14 14 14 14
-56.5182403--33.3787353 81 1 1 1 1 3 4 5 6 7 11 12 12 13 13 13 13 13 13 14 14 14 14 14 14 14 14
-56.5191933--33.3783062 47 1 1 1 1 2 4 6 7 9 11 12 13 13 13 13 13 13 13 14 14 14 14 14 14 14 14
-56.5201637--33.3778698 41 1 1 1 2 3 5 6 7 10 11 12 13 13 13 13 13 13 13 13 14 14 14 14 14 14 14
-56.5177381--33.3779287 60 1 1 1 1 2 4 6 7 8 10 12 13 13 13 13 13 13 13 14 14 14 14 14 14 14 14
-56.5187009--33.3774994 76 1 1 1 1 4 5 6 7 8 11 12 13 13 13 13 13 13 13 13 14 14 14 14 14 14 14
-56.5196496--33.3770548 66 1 1 1 1 3 6 7 7 9 11 11 13 13 13 13 13 13 13 13 14 14 14 14 14 14 14
-56.5172441--33.3770916 62 1 1 1 1 3 5 6 7 8 9 12 13 13 13 13 13 13 13 13 14 14 14 14 14 14 14
-56.5181943--33.3766726 61 1 1 1 1 4 6 7 8 9 10 12 13 13 13 13 13 13 13 13 14 14 14 14 14 14 14
-56.5191516--33.3762524 54 1 1 1 2 5 6 7 8 9 11 12 13 13 13 13 13 13 13 13 13 14 14 14 14 14 14
-56.5167449--33.3762962 87 1 1 1 1 2 6 6 8 9 9 11 13 13 13 13 13 13 13 13 14 14 14 14 14 14 14
-56.5176885--33.3758673 64 1 1 1 2 4 6 7 8 9 9 12 13 13 13 13 13 13 13 13 13 14 14 14 14 14 14
-56.5186475--33.3754378 58 1 1 1 1 6 6 7 8 9 10 12 12 13 13 13 13 13 13 13 13 14 14 14 14 14 14
-56.5151355--33.3753352 13 1 1 1 1 1 4 5 7 9 9 10 12 13 13 13 13 13 13 13 13 14 14 14 14 14 14
-56.5158155--33.3748097 0 1 1 1 1 2 5 7 9 9 10 10 11 13 13 13 13 13 13 13 13 14 14 14 14 14 14
-56.5162424--33.3754931 78 1 1 1 1 2 5 6 8 9 9 10 13 13 13 13 13 13 13 13 13 14 14 14 14 14 14
-56.5186475--33.3754378 0 1 1 1 1 6 6 7 8 9 10 12 12 13 13 13 13 13 13 13 13 14 14 14 14 14 14
-56.5203055--33.3726143 0 1 1 3 4 5 8 9 9 10 11 12 12 12 13 13 13 13 13 13 13 13 13 14 14 14 14
-56.5208331--33.3734065 0 1 1 2 4 5 8 9 9 10 11 12 12 12 13 13 13 13 13 13 13 13 14 14 14 14 14
-56.5172937--33.3791713 56 1 1 1 1 2 3 4 6 7 10 12 12 13 13 13 13 13 14 14 14 14 14 14 14 14 14
-56.5170479--33.3792882 34 1 1 1 1 2 3 4 5 7 10 12 12 13 13 13 13 13 14 14 14 14 14 14 14 14 14
-56.5153381--33.3800534 62 1 1 1 1 1 2 3 4 6 7 10 12 12 13 13 13 13 14 14 14 14 14 14 14 14 14
-56.5177381--33.3779287 63 1 1 1 1 2 4 6 7 8 10 12 13 13 13 13 13 13 13 14 14 14 14 14 14 14 14
-56.5158244--33.3788033 45 1 1 1 1 1 2 4 6 7 8 11 12 13 13 13 13 13 13 14 14 14 14 14 14 14 14
-56.5148572--33.3792485 183 1 1 1 1 1 2 4 5 6 7 9 12 12 13 13 13 13 14 14 14 14 14 14 14 14 14
-56.5152891--33.3779571 98 1 1 1 1 1 3 5 6 7 8 10 12 13 13 13 13 13 13 14 14 14 14 14 14 14 14
-56.5143315--33.3783922 68 1 1 1 1 1 1 3 6 7 8 9 11 13 13 13 13 13 13 14 14 14 14 14 14 14 14
-56.5162731--33.3775344 47 1 1 1 1 1 3 6 7 8 9 11 13 13 13 13 13 13 13 14 14 14 14 14 14 14 14
-56.5158781--33.3766862 69 1 1 1 1 2 4 6 7 8 9 10 13 13 13 13 13 13 13 13 14 14 14 14 14 14 14
-56.5154544--33.3758616 55 1 1 1 1 1 3 6 8 9 9 10 12 13 13 13 13 13 13 13 14 14 14 14 14 14 14
-56.5147924--33.3771732 39 1 1 1 1 1 2 5 6 8 9 9 12 13 13 13 13 13 13 13 14 14 14 14 14 14 14
-56.5138331--33.3776091 33 1 1 1 1 1 2 4 6 7 8 9 10 13 13 13 13 13 13 14 14 14 14 14 14 14 14
-56.5168133--33.3804182 62 1 1 1 1 1 3 3 4 6 9 11 12 12 13 13 13 13 14 14 14 14 14 14 14 14 14
-56.5163095--33.3816159 73 1 1 1 1 1 2 3 3 4 8 10 11 12 12 13 13 14 14 14 14 14 14 14 14 14 14
-56.5168204--33.3824429 93 1 1 1 1 1 1 3 3 5 8 9 10 11 12 12 14 14 14 14 14 14 14 14 14 14 14
-56.5158286--33.3808551 35 1 1 1 1 1 3 3 4 5 7 10 11 12 12 13 13 14 14 14 14 14 14 14 14 14 14
-56.5163095--33.3816159 66 1 1 1 1 1 2 3 3 4 8 10 11 12 12 13 13 14 14 14 14 14 14 14 14 14 14
-56.5158347--33.3828826 55 1 1 1 1 1 1 2 3 3 6 9 10 11 12 12 14 14 14 14 14 14 14 14 14 14 14
-56.5153083--33.3820492 0 1 1 1 1 1 1 3 3 4 6 9 10 11 12 12 13 14 14 14 14 14 14 14 14 14 14
-56.514426--33.3824368 27 1 1 1 1 1 1 2 3 3 4 8 10 11 12 12 13 14 14 14 14 14 14 14 14 14 14
-56.5149295--33.3832863 62 1 1 1 1 1 1 1 3 3 5 8 9 10 11 12 13 14 14 14 14 14 14 14 14 14 14
-56.5130633--33.3821215 2 1 1 1 1 1 1 1 3 3 4 6 9 11 12 12 13 13 14 14 14 14 14 14 14 14 14
-56.5115458--33.3827869 59 1 1 1 1 1 1 1 2 3 3 4 8 10 11 12 12 14 14 14 14 14 14 14 14 14 14
-56.5134943--33.3828404 74 1 1 1 1 1 1 1 3 3 4 6 9 11 11 12 12 14 14 14 14 14 14 14 14 14 14
-56.5120196--33.3834884 9 1 1 1 1 1 1 1 2 3 3 4 7 10 11 12 13 14 14 14 14 14 14 14 14 14 14
-56.5139724--33.3836969 80 1 1 1 1 1 1 1 2 3 3 6 9 10 11 12 12 14 14 14 14 14 14 14 14 14 14
-56.5125833--33.3843376 43 1 1 1 1 1 1 1 1 3 3 6 7 9 10 11 13 13 14 14 14 14 14 14 14 14 14
-56.5131633--33.3852573 80 1 1 1 1 1 1 1 1 2 4 5 7 8 10 12 13 13 14 14 14 14 14 14 14 14 14
-56.516463--33.3878292 0 1 1 1 1 1 1 1 2 3 3 5 6 7 9 11 11 12 13 13 14 14 14 14 14 14 14
-56.5150079--33.3854539 163 1 1 1 1 1 1 1 1 2 5 5 7 9 10 11 13 13 14 14 14 14 14 14 14 14 14
-56.5145286--33.3846617 58 1 1 1 1 1 1 1 1 3 4 7 8 9 10 11 13 13 14 14 14 14 14 14 14 14 14
-56.5159714--33.3850005 48 1 1 1 1 1 1 1 1 4 5 7 8 9 10 12 13 13 14 14 14 14 14 14 14 14 14
-56.5154843--33.3842177 29 1 1 1 1 1 1 1 2 3 5 7 9 10 11 12 13 14 14 14 14 14 14 14 14 14 14
-56.5169354--33.386579 84 1 1 1 1 1 1 1 2 3 5 5 7 8 11 11 12 13 13 14 14 14 14 14 14 14 14
-56.5164618--33.3857991 54 1 1 1 1 1 1 1 1 4 5 6 7 9 10 12 13 13 14 14 14 14 14 14 14 14 14
-56.5178667--33.3841439 22 1 1 1 1 1 1 1 4 5 7 8 9 10 11 13 13 14 14 14 14 14 14 14 14 14 14
-56.5168959--33.3845791 94 1 1 1 1 1 1 1 2 5 5 7 9 10 11 13 13 14 14 14 14 14 14 14 14 14 14
-56.517372--33.3833429 76 1 1 1 1 1 1 2 3 5 7 9 10 11 12 12 14 14 14 14 14 14 14 14 14 14 14
-56.5164069--33.3837863 46 1 1 1 1 1 1 1 3 4 7 8 9 10 11 13 13 14 14 14 14 14 14 14 14 14 14
-56.5188304--33.3857204 116 1 1 1 1 1 1 2 3 5 5 7 8 10 11 12 13 13 14 14 14 14 14 14 14 14 14
-56.5178758--33.3861493 52 1 1 1 1 1 1 1 3 4 5 6 7 9 11 12 13 13 14 14 14 14 14 14 14 14 14
-56.5183451--33.3849322 91 1 1 1 1 1 1 1 4 5 6 7 9 10 11 13 13 14 14 14 14 14 14 14 14 14 14
-56.5173888--33.3853662 52 1 1 1 1 1 1 1 2 5 5 7 8 9 11 12 13 13 14 14 14 14 14 14 14 14 14
-56.5159095--33.3890747 0 1 1 1 1 1 1 1 2 3 3 3 5 7 8 9 11 11 12 13 13 14 14 14 14 14 14
-56.5169681--33.3886485 43 1 1 1 1 1 1 1 3 3 3 4 5 7 8 10 11 12 13 13 14 14 14 14 14 14 14
-56.516463--33.3878292 48 1 1 1 1 1 1 1 2 3 3 5 6 7 9 11 11 12 13 13 14 14 14 14 14 14 14
-56.5174355--33.3874 63 1 1 1 1 1 1 1 3 3 4 5 6 7 10 11 12 13 13 14 14 14 14 14 14 14 14
-56.520351--33.388179 69 1 1 1 1 1 2 3 3 3 4 6 6 8 11 11 12 13 13 14 14 14 14 14 14 14 14
-56.5193765--33.3886186 76 1 1 1 1 1 1 2 3 3 3 5 7 8 9 11 11 12 13 13 14 14 14 14 14 14 14
-56.519853--33.3873591 46 1 1 1 1 1 1 3 3 3 5 6 7 9 11 11 12 13 13 14 14 14 14 14 14 14 14
-56.5188694--33.3878012 107 1 1 1 1 1 1 3 3 3 4 5 6 8 10 11 12 13 13 14 14 14 14 14 14 14 14
-56.5193553--33.3865437 72 1 1 1 1 1 1 3 3 4 5 6 7 9 11 12 13 13 14 14 14 14 14 14 14 14 14
-56.5183774--33.386977 74 1 1 1 1 1 1 2 3 3 5 6 7 9 11 11 12 13 13 14 14 14 14 14 14 14 14
-56.5180319--33.389201 22 1 1 1 1 1 1 2 3 3 3 4 6 7 8 10 11 12 13 13 14 14 14 14 14 14 14
-56.5208528--33.3890122 59 1 1 1 1 1 2 2 3 3 3 5 7 8 9 11 11 12 13 13 14 14 14 14 14 14 14
-56.5218426--33.3906363 58 1 1 1 1 2 2 2 2 3 3 5 7 7 8 11 11 11 12 13 13 14 14 14 14 14 14
-56.5213584--33.389819 43 1 1 1 1 2 2 2 3 3 3 4 7 7 8 11 11 12 13 13 14 14 14 14 14 14 14
-56.5198697--33.3894472 45 1 1 1 1 1 2 2 3 3 3 4 7 7 8 11 11 12 13 13 14 14 14 14 14 14 14
-56.5208747--33.3910766 65 1 1 1 1 2 2 2 2 3 3 4 6 7 7 10 11 11 12 13 13 14 14 14 14 14 14
-56.5203863--33.3902581 68 1 1 1 1 1 2 2 2 3 3 5 7 7 8 10 11 11 12 13 13 14 14 14 14 14 14
-56.5198697--33.3894472 45 1 1 1 1 1 2 2 3 3 3 4 7 7 8 11 11 12 13 13 14 14 14 14 14 14 14
-56.5199255--33.3914882 66 1 1 1 1 1 2 2 2 2 3 4 5 7 7 8 11 11 11 12 13 13 14 14 14 14 14
-56.520152--33.3924146 58 1 1 1 1 1 2 2 2 2 3 4 4 6 7 7 10 11 11 12 13 13 14 14 14 14 14
-56.519423--33.3906835 49 1 1 1 1 1 2 2 2 3 3 3 5 7 7 8 11 11 12 13 13 14 14 14 14 14 14
-56.5184567--33.3911107 29 1 1 1 1 1 1 2 2 2 3 3 5 7 7 8 10 11 11 12 13 13 14 14 14 14 14
-56.5189288--33.3898668 47 1 1 1 1 1 1 2 2 3 3 3 6 7 8 9 11 11 12 13 13 14 14 14 14 14 14
-56.5179548--33.3903011 81 1 1 1 1 1 1 2 2 3 3 3 5 7 7 8 11 11 12 13 13 14 14 14 14 14 14
-56.5252697--33.3921996 0 1 1 1 2 2 2 2 2 3 3 6 6 7 10 11 11 11 12 13 14 14 14 14 14 14 14
-56.5252913--33.3942788 68 1 1 1 1 2 2 2 2 2 4 4 5 6 7 8 11 11 11 12 13 14 14 14 14 14 14
-56.5246774--33.3953301 67 1 1 1 1 2 2 2 2 3 4 4 4 6 6 7 10 11 11 11 12 13 14 14 14 14 14
-56.5240553--33.3942873 11 1 1 1 1 2 2 2 2 3 4 4 5 6 7 8 11 11 11 12 12 13 14 14 14 14 14
-56.5213748--33.3918751 52 1 1 1 1 2 2 2 2 2 4 4 6 7 7 10 11 11 11 12 13 14 14 14 14 14 14
-56.5223408--33.3914566 58 1 1 1 1 2 2 2 2 3 3 5 6 7 8 11 11 11 12 13 13 14 14 14 14 14 14
-56.5218691--33.3926954 65 1 1 1 1 1 2 2 2 2 4 4 5 6 7 7 11 11 11 12 13 13 14 14 14 14 14
-56.5237402--33.3928595 61 1 1 1 1 2 2 2 2 2 4 4 5 6 7 8 11 11 11 12 13 13 14 14 14 14 14
-56.5234764--33.3934071 6 1 1 1 1 2 2 2 2 2 4 4 5 6 7 8 11 11 11 12 13 13 14 14 14 14 14
-56.5237402--33.3928595 2 1 1 1 1 2 2 2 2 2 4 4 5 6 7 8 11 11 11 12 13 13 14 14 14 14 14
-56.508569--33.3870745 7 1 1 1 1 1 1 1 1 1 1 1 3 5 7 7 10 11 12 13 13 14 14 14 14 14 14
-56.5131633--33.3852573 50 1 1 1 1 1 1 1 1 2 4 5 7 8 10 12 13 13 14 14 14 14 14 14 14 14 14
-56.512735--33.3864707 69 1 1 1 1 1 1 1 1 1 3 5 5 7 8 11 12 13 13 14 14 14 14 14 14 14 14
-56.5121846--33.3856293 62 1 1 1 1 1 1 1 1 1 2 5 6 7 9 10 12 13 13 14 14 14 14 14 14 14 14
-56.5117851--33.3869085 54 1 1 1 1 1 1 1 1 1 1 4 5 6 7 9 11 12 13 13 14 14 14 14 14 14 14
-56.5132771--33.3873249 60 1 1 1 1 1 1 1 1 1 3 5 5 6 7 10 11 12 13 13 14 14 14 14 14 14 14
-56.514403--33.3887525 60 1 1 1 1 1 1 1 1 3 3 3 5 6 8 8 11 11 12 13 13 14 14 14 14 14 14
-56.5152219--33.3883645 80 1 1 1 1 1 1 1 2 3 3 4 5 7 8 9 11 12 13 13 14 14 14 14 14 14 14
-56.5134351--33.3891843 127 1 1 1 1 1 1 1 1 2 3 3 4 5 7 8 10 11 12 13 13 14 14 14 14 14 14
-56.5125833--33.3843376 8 1 1 1 1 1 1 1 1 3 3 6 7 9 10 11 13 13 14 14 14 14 14 14 14 14 14
-56.5110519--33.3839404 131 1 1 1 1 1 1 1 1 2 3 3 6 9 10 11 12 13 14 14 14 14 14 14 14 14 14
-56.5115677--33.384729 0 1 1 1 1 1 1 1 1 2 3 3 6 8 10 11 13 13 14 14 14 14 14 14 14 14 14
-56.5101407--33.3843774 59 1 1 1 1 1 1 1 1 1 3 3 5 7 10 11 12 13 13 14 14 14 14 14 14 14 14
-56.5105246--33.383111 48 1 1 1 1 1 1 1 1 3 3 4 5 9 11 12 12 14 14 14 14 14 14 14 14 14 14
-56.5104981--33.3896153 47 1 1 1 1 1 1 1 1 1 1 1 3 5 6 8 9 10 11 12 13 13 14 14 14 14 14
-56.5076114--33.388173 60 1 1 1 1 1 1 1 1 1 1 1 1 3 5 8 8 10 11 12 13 13 14 14 14 14 14
-56.5129774--33.3893829 31 1 1 1 1 1 1 1 1 1 3 3 4 5 6 8 9 11 12 12 13 13 14 14 14 14 14
-56.5117851--33.3869085 43 1 1 1 1 1 1 1 1 1 1 4 5 6 7 9 11 12 13 13 14 14 14 14 14 14 14
-56.5104981--33.3896153 0 1 1 1 1 1 1 1 1 1 1 1 3 5 6 8 9 10 11 12 13 13 14 14 14 14 14
-56.511282--33.3900575 0 1 1 1 1 1 1 1 1 1 1 1 3 4 5 7 8 10 11 12 13 13 14 14 14 14 14
-56.508569--33.3870745 0 1 1 1 1 1 1 1 1 1 1 1 3 5 7 7 10 11 12 13 13 14 14 14 14 14 14
-56.5114523--33.3884249 13 1 1 1 1 1 1 1 1 1 1 3 4 5 6 8 10 11 12 13 13 14 14 14 14 14 14
-56.5039402--33.3831747 79 1 1 1 1 1 1 1 1 1 1 1 1 3 3 4 6 9 11 13 13 14 14 14 14 14 14
-56.511572--33.3815935 54 1 1 1 1 1 1 1 1 3 3 4 6 9 11 12 12 13 14 14 14 14 14 14 14 14 14
-56.5102978--33.3830119 94 1 1 1 1 1 1 1 1 1 3 3 4 5 8 11 11 12 12 14 14 14 14 14 14 14 14
-56.5109347--33.3818471 37 1 1 1 1 1 1 1 1 3 3 4 5 9 11 11 12 12 14 14 14 14 14 14 14 14 14
-56.510307--33.3809009 56 1 1 1 1 1 1 1 1 2 3 3 4 7 9 11 12 12 14 14 14 14 14 14 14 14 14
-56.5138331--33.3776091 0 1 1 1 1 1 2 4 6 7 8 9 10 13 13 13 13 13 13 14 14 14 14 14 14 14 14
-56.5138331--33.3776091 0 1 1 1 1 1 2 4 6 7 8 9 10 13 13 13 13 13 13 14 14 14 14 14 14 14 14
-56.5131868--33.3744862 0 1 1 1 1 1 1 3 6 8 9 9 10 12 13 13 13 13 13 13 13 13 14 14 14 14 14
-56.5131868--33.3744862 0 1 1 1 1 1 1 3 6 8 9 9 10 12 13 13 13 13 13 13 13 13 14 14 14 14 14
-56.516652--33.3741606 0 1 1 1 1 4 5 7 9 9 10 10 12 13 13 13 13 13 13 13 13 13 14 14 14 14 14
-56.5190908--33.3707708 0 1 1 4 5 5 7 9 10 10 10 11 12 12 12 13 13 13 13 13 13 13 13 13 14 14 14
-56.5161831--33.3664153 0 1 1 3 3 4 6 6 7 8 10 10 10 10 11 12 12 12 13 13 13 13 13 13 13 13 13
-56.5185127--33.363602 0 1 1 2 2 3 6 7 7 7 9 9 10 10 11 11 11 12 12 12 13 13 13 13 13 13 13
-56.5198122--33.3634012 0 1 1 1 2 4 6 7 7 8 9 9 10 10 11 11 11 12 12 12 13 13 13 13 13 13 13
-56.5175179--33.3644642 0 1 2 2 3 3 3 7 7 7 8 9 10 10 10 11 11 12 12 12 13 13 13 13 13 13 13
-56.5178356--33.3662628 0 1 1 3 3 4 6 6 7 8 10 10 10 10 11 12 12 12 13 13 13 13 13 13 13 13 13
-56.5195044--33.3645792 0 1 1 1 3 5 7 7 7 9 9 10 10 11 11 11 12 12 12 13 13 13 13 13 13 13 13
-56.515443--33.3652232 0 1 1 2 2 3 3 4 7 7 7 8 10 10 10 10 11 12 12 12 13 13 13 13 13 13 13
-56.5171826--33.3653992 0 1 2 2 3 3 6 7 7 7 9 10 10 10 11 11 12 12 12 13 13 13 13 13 13 13 13
-56.518453--33.3674416 0 1 2 2 3 6 6 6 8 10 10 10 10 11 11 12 12 13 13 13 13 13 13 13 13 13 14
-56.522481--33.3645192 0 1 1 1 1 3 6 7 8 9 9 9 11 11 11 11 12 12 12 13 13 13 13 13 13 13 13
-56.526338--33.3594272 0 1 1 1 1 1 1 1 1 6 7 8 8 9 10 11 11 11 11 12 12 12 12 13 13 13 13
-56.526338--33.3594272 0 1 1 1 1 1 1 1 1 6 7 8 8 9 10 11 11 11 11 12 12 12 12 13 13 13 13
-56.5315112--33.3672341 48 1 1 1 1 1 1 3 4 7 7 8 9 10 11 12 12 12 13 13 13 13 13 13 13 13 13
-56.5354937--33.37405 54 1 1 1 1 1 2 3 4 4 5 8 9 9 11 12 13 13 13 13 13 13 13 14 14 14 14
-56.5313193--33.3679186 92 1 1 1 1 1 2 4 6 7 8 8 10 11 11 12 12 12 13 13 13 13 13 13 13 13 14
-56.5353473--33.3730195 87 1 1 1 1 1 2 3 3 4 5 8 9 9 10 12 13 13 13 13 13 13 13 13 14 14 14
-56.5346035--33.3744391 33 1 1 1 1 1 3 3 4 5 6 9 9 10 11 12 13 13 13 13 13 13 14 14 14 14 14
-56.5381684--33.3678767 26 1 1 1 1 1 1 1 1 1 2 3 4 5 6 9 9 10 11 12 13 13 13 13 13 13 13
-56.5385782--33.3763661 19 1 1 1 1 1 1 1 2 3 4 4 6 8 9 10 11 12 13 13 13 13 13 14 14 14 14
-56.5375892--33.3773871 126 1 1 1 1 1 1 1 3 4 4 6 8 8 10 11 12 13 13 13 13 13 14 14 14 14 14
-56.5368644--33.3773131 89 1 1 1 1 1 1 2 4 4 6 7 8 8 11 11 12 13 13 13 13 13 14 14 14 14 14
-56.5359466--33.3751669 96 1 1 1 1 1 1 2 3 4 4 6 8 9 10 11 12 13 13 13 13 13 13 14 14 14 14
-56.5347361--33.3770869 106 1 1 1 1 1 2 4 4 5 7 8 8 11 11 12 13 13 13 13 13 14 14 14 14 14 14
-56.5332555--33.3759545 47 1 1 1 1 1 3 4 4 6 7 9 9 11 11 12 13 13 13 13 13 14 14 14 14 14 14
-56.5332383--33.3768756 185 1 1 1 1 1 3 4 4 6 8 8 10 11 11 12 13 13 13 13 13 14 14 14 14 14 14
-56.5387835--33.3749962 26 1 1 1 1 1 1 1 1 3 3 4 6 7 9 9 11 11 12 13 13 13 13 13 14 14 14
-56.5374839--33.3752135 52 1 1 1 1 1 1 1 3 3 4 5 7 9 9 11 11 12 13 13 13 13 13 14 14 14 14
-56.5374839--33.3752135 18 1 1 1 1 1 1 1 3 3 4 5 7 9 9 11 11 12 13 13 13 13 13 14 14 14 14
-56.5359492--33.3760763 68 1 1 1 1 1 1 3 3 4 5 7 8 9 11 11 12 13 13 13 13 13 14 14 14 14 14
-56.5345625--33.3751712 15 1 1 1 1 1 3 3 4 5 6 8 9 10 11 12 13 13 13 13 13 13 14 14 14 14 14
-56.5332868--33.3751597 85 1 1 1 1 2 3 4 4 5 8 9 9 11 12 13 13 13 13 13 13 13 14 14 14 14 14
-56.5499568--33.3814597 16 1 1 1 1 1 1 1 1 1 1 1 1 1 1 1 1 3 5 5 7 9 9 9 11 12 13
-56.5481558--33.3816231 41 1 1 1 1 1 1 1 1 1 1 1 1 1 1 1 3 5 5 7 9 9 9 11 12 13 13
-56.5481558--33.3816231 47 1 1 1 1 1 1 1 1 1 1 1 1 1 1 1 3 5 5 7 9 9 9 11 12 13 13
-56.5512572--33.3813392 66 1 1 1 1 1 1 1 1 1 1 1 1 1 1 1 1 2 5 5 6 8 9 9 11 11 12
-56.5499568--33.3814597 71 1 1 1 1 1 1 1 1 1 1 1 1 1 1 1 1 3 5 5 7 9 9 9 11 12 13
-56.5476424--33.3830311 55 1 1 1 1 1 1 1 1 1 1 1 1 1 1 3 5 5 7 9 9 9 11 12 13 13 13
-56.5467166--33.38379 35 1 1 1 1 1 1 1 1 1 1 1 1 1 3 5 5 7 9 9 9 11 12 12 13 13 14
-56.5474799--33.3816995 62 1 1 1 1 1 1 1 1 1 1 1 1 1 1 2 4 5 6 8 9 9 10 11 12 13 13
-56.5357758--33.3778485 122 1 1 1 1 1 1 2 4 4 6 7 8 9 11 11 12 13 13 13 13 14 14 14 14 14 14
-56.5374644--33.3782703 65 1 1 1 1 1 1 1 2 4 5 6 7 9 9 11 11 12 13 13 13 13 14 14 14 14 14
-56.5375892--33.3773871 55 1 1 1 1 1 1 1 3 4 4 6 8 8 10 11 12 13 13 13 13 13 14 14 14 14 14
-56.5367486--33.3781916 92 1 1 1 1 1 1 1 3 4 5 6 8 9 10 11 11 12 13 13 13 13 14 14 14 14 14
-56.5371606--33.3773448 70 1 1 1 1 1 1 1 3 4 5 6 8 8 10 11 12 13 13 13 13 13 14 14 14 14 14
-56.5349628--33.3777766 64 1 1 1 1 1 1 3 4 4 6 8 8 10 11 12 13 13 13 13 13 14 14 14 14 14 14
-56.5366326--33.3790682 172 1 1 1 1 1 1 1 3 5 5 6 7 9 10 11 11 12 13 13 13 14 14 14 14 14 14
-56.5366999--33.3809598 57 1 1 1 1 1 1 1 1 2 5 5 6 8 9 9 11 11 12 13 13 13 14 14 14 14 14
-56.535709--33.3796348 151 1 1 1 1 1 1 1 4 5 5 6 9 9 10 11 12 13 13 13 14 14 14 14 14 14 14
-56.5381652--33.38193 54 1 1 1 1 1 1 1 1 2 4 5 6 8 9 9 11 11 12 13 13 13 14 14 14 14 14
-56.5389858--33.3797305 81 1 1 1 1 1 1 1 1 1 2 5 5 6 8 9 9 11 11 12 13 13 14 14 14 14 14
-56.5390233--33.3813625 44 1 1 1 1 1 1 1 1 2 4 5 5 7 9 9 10 11 12 13 13 13 14 14 14 14 14
-56.5390233--33.3813625 35 1 1 1 1 1 1 1 1 2 4 5 5 7 9 9 10 11 12 13 13 13 14 14 14 14 14
-56.5389858--33.3797305 150 1 1 1 1 1 1 1 1 1 2 5 5 6 8 9 9 11 11 12 13 13 14 14 14 14 14
-56.5389694--33.3805073 0 1 1 1 1 1 1 1 1 1 2 5 5 6 9 9 9 11 12 13 13 13 14 14 14 14 14
-56.5378888--33.3804702 0 1 1 1 1 1 1 1 1 3 5 5 6 9 9 10 11 12 13 13 13 14 14 14 14 14 14
-56.5377893--33.3810739 35 1 1 1 1 1 1 1 1 2 5 5 6 9 9 9 11 11 12 13 13 14 14 14 14 14 14
-56.5472701--33.3801164 0 1 1 1 1 1 1 1 1 1 1 1 1 1 1 1 2 4 5 6 8 9 9 10 11 12 13
-56.538208--33.3782984 10 1 1 1 1 1 1 1 1 3 5 5 6 8 9 10 11 12 13 13 13 13 14 14 14 14 14
-56.5369505--33.3901839 0 1 1 1 1 1 1 1 1 2 2 4 5 5 5 6 9 10 11 11 12 13 14 14 14 14 14
-56.5364067--33.3859459 18 1 1 1 1 1 1 2 2 3 4 5 7 8 9 9 10 10 12 14 14 14 14 14 14 14 14
-56.5320247--33.3870157 21 1 1 1 1 1 1 2 4 5 5 5 7 9 9 10 11 12 14 14 14 14 14 14 14 14 14
-56.5327967--33.3878232 47 1 1 1 1 1 1 1 3 4 5 5 5 8 9 10 11 12 13 14 14 14 14 14 14 14 14
-56.5323965--33.3876339 27 1 1 1 1 1 1 1 3 4 5 5 5 8 9 9 11 12 13 14 14 14 14 14 14 14 14
-56.5317891--33.387361 68 1 1 1 1 1 1 2 3 5 5 5 7 9 9 10 11 12 14 14 14 14 14 14 14 14 14
-56.5326335--33.3880722 0 1 1 1 1 1 1 1 4 4 5 5 5 8 9 10 11 12 13 14 14 14 14 14 14 14 14
-56.5346258--33.3857008 0 1 1 1 1 1 1 2 2 3 5 5 7 9 9 9 10 12 13 14 14 14 14 14 14 14 14
-56.5376613--33.3819878 344 1 1 1 1 1 1 1 2 4 5 5 7 9 9 10 11 12 13 13 13 14 14 14 14 14 14
-56.5332957--33.3841805 52 1 1 1 1 1 2 3 4 5 7 8 9 9 10 10 12 14 14 14 14 14 14 14 14 14 14
-56.5335227--33.3838164 62 1 1 1 1 1 2 3 4 5 7 8 9 9 10 10 12 13 14 14 14 14 14 14 14 14 14
-56.5339--33.3830333 39 1 1 1 1 1 2 3 4 4 6 7 9 9 10 10 12 13 14 14 14 14 14 14 14 14 14
-56.5341213--33.3826553 56 1 1 1 1 1 1 2 3 4 6 7 9 9 9 11 12 13 14 14 14 14 14 14 14 14 14
-56.5345259--33.3821655 89 1 1 1 1 1 1 2 3 5 6 7 9 9 9 11 12 12 13 14 14 14 14 14 14 14 14
-56.5372318--33.3836472 0 1 1 1 1 1 1 1 2 3 4 5 7 8 9 9 10 11 12 13 14 14 14 14 14 14 14
-56.5336605--33.3851666 22 1 1 1 1 1 1 2 3 4 5 7 8 9 9 10 10 12 14 14 14 14 14 14 14 14 14
-56.5345465--33.3840424 63 1 1 1 1 1 1 2 3 4 5 7 9 9 9 10 11 13 14 14 14 14 14 14 14 14 14
-56.5350515--33.3833989 78 1 1 1 1 1 1 2 3 4 6 7 8 9 9 10 11 12 13 14 14 14 14 14 14 14 14
-56.5355787--33.3827386 75 1 1 1 1 1 1 2 3 4 5 7 8 9 9 10 11 12 13 14 14 14 14 14 14 14 14
-56.5365598--33.3832788 24 1 1 1 1 1 1 1 2 3 5 6 7 9 9 9 11 11 12 13 14 14 14 14 14 14 14
-56.5350487--33.3851748 28 1 1 1 1 1 1 2 3 4 5 7 8 9 9 10 10 12 14 14 14 14 14 14 14 14 14
-56.5360193--33.3857251 11 1 1 1 1 1 1 2 2 3 5 5 7 9 9 9 10 11 12 14 14 14 14 14 14 14 14
-56.5355163--33.3845954 43 1 1 1 1 1 1 2 3 4 5 7 8 9 9 10 10 12 13 14 14 14 14 14 14 14 14
-56.5364744--33.3851428 46 1 1 1 1 1 1 1 2 3 4 5 7 9 9 9 10 11 13 14 14 14 14 14 14 14 14
-56.5363588--33.38413 12 1 1 1 1 1 1 1 2 3 4 6 7 9 9 9 10 12 12 14 14 14 14 14 14 14 14
-56.5367135--33.3848382 18 1 1 1 1 1 1 1 2 3 4 5 7 9 9 9 10 10 12 14 14 14 14 14 14 14 14
-56.5249281--33.3966892 75 1 1 1 1 1 2 2 2 3 3 4 4 4 6 6 7 10 11 11 11 12 13 14 14 14 14
-56.5254095--33.3969029 36 1 1 1 1 1 1 2 2 3 3 3 4 4 6 6 7 10 11 11 11 12 13 14 14 14 14
-56.5288026--33.389501 17 1 1 1 1 1 1 2 3 5 5 5 6 9 9 10 11 12 13 14 14 14 14 14 14 14 14
-56.5313071--33.3905979 23 1 1 1 1 1 2 2 2 3 4 5 5 5 9 10 11 11 12 13 14 14 14 14 14 14 14
-56.5322602--33.390444 47 1 1 1 1 1 2 2 2 4 4 5 5 5 8 10 11 11 12 13 14 14 14 14 14 14 14
-56.5327638--33.3908016 3 1 1 1 1 1 1 2 2 2 4 5 5 5 8 10 11 11 12 13 14 14 14 14 14 14 14
-56.5322099--33.3899115 31 1 1 1 1 1 2 2 2 2 4 5 5 5 9 10 11 11 12 13 14 14 14 14 14 14 14
-56.5322099--33.3899115 15 1 1 1 1 1 2 2 2 2 4 5 5 5 9 10 11 11 12 13 14 14 14 14 14 14 14
-56.5313071--33.3905979 28 1 1 1 1 1 2 2 2 3 4 5 5 5 9 10 11 11 12 13 14 14 14 14 14 14 14
-56.5327638--33.3908016 1 1 1 1 1 1 1 2 2 2 4 5 5 5 8 10 11 11 12 13 14 14 14 14 14 14 14
-56.5339469--33.3909931 0 1 1 1 1 1 1 2 2 2 4 5 5 5 6 9 11 11 12 13 14 14 14 14 14 14 14
-56.5342003--33.3912468 58 1 1 1 1 1 1 2 2 2 4 5 5 5 6 9 10 11 12 13 13 14 14 14 14 14 14
-56.5353977--33.3899469 20 1 1 1 1 1 1 1 2 2 4 5 5 5 6 9 10 11 11 12 13 14 14 14 14 14 14
-56.5330558--33.3890861 60 1 1 1 1 1 1 2 2 4 5 5 5 6 9 10 11 12 13 13 14 14 14 14 14 14 14
-56.5342202--33.3896551 64 1 1 1 1 1 1 2 2 4 4 5 5 5 8 9 11 11 12 13 14 14 14 14 14 14 14
-56.5347226--33.3892919 47 1 1 1 1 1 1 1 2 2 4 5 5 5 6 9 11 11 12 13 14 14 14 14 14 14 14
-56.53223--33.3886678 30 1 1 1 1 1 1 2 4 4 5 5 5 8 9 11 11 12 13 14 14 14 14 14 14 14 14
-56.5328684--33.3899653 85 1 1 1 1 1 1 2 2 4 5 5 5 6 9 10 11 12 12 13 14 14 14 14 14 14 14
-56.5346313--33.3932381 66 1 1 1 1 1 1 1 1 2 2 4 4 5 5 5 8 10 11 11 12 13 14 14 14 14 14
-56.536069--33.3946381 30 1 1 1 1 1 1 1 1 1 2 2 4 4 5 5 5 9 10 11 11 12 13 14 14 14 14
-56.5377901--33.3945512 99 1 1 1 1 1 1 1 1 1 2 2 4 4 5 5 5 9 10 11 11 12 13 14 14 14 14
-56.5351934--33.3952873 31 1 1 1 1 1 1 1 1 1 1 2 2 4 5 5 5 6 10 10 11 12 12 13 14 14 14
-56.5359584--33.3975778 69 1 1 1 1 1 1 1 1 1 2 2 2 2 2 5 6 6 6 9 10 11 11 12 13 14 14
-56.5389925--33.395723 0 1 1 1 1 1 1 1 1 1 1 2 2 4 5 5 5 6 9 10 11 11 12 13 14 14 14
-56.5368109--33.3968428 111 1 1 1 1 1 1 1 1 1 1 2 2 2 4 5 6 6 7 10 10 11 11 12 13 14 14
-56.5367128--33.3983023 107 1 1 1 1 1 1 1 1 1 1 2 2 2 2 4 6 6 6 6 9 10 11 11 12 13 14
-56.5394973--33.396342 68 1 1 1 1 1 1 1 1 1 1 2 2 2 4 5 5 6 9 10 11 11 12 13 14 14 14
-56.5372413--33.3972757 88 1 1 1 1 1 1 1 1 1 1 2 2 2 4 4 6 6 6 9 10 11 11 12 13 14 14
-56.5371229--33.3987073 81 1 1 1 1 1 1 1 1 1 1 2 2 2 2 3 5 6 6 6 9 10 11 11 12 13 14
-56.5375184--33.3990572 84 1 1 1 1 1 1 1 1 1 1 1 2 2 2 2 5 6 6 6 7 10 10 11 12 13 14
-56.5399017--33.3967511 91 1 1 1 1 1 1 1 1 1 1 2 2 2 4 5 5 5 7 10 10 11 12 12 13 14 14
-56.5380263--33.3980714 96 1 1 1 1 1 1 1 1 1 1 2 2 2 2 4 6 6 6 7 10 10 11 12 12 13 14
-56.5403006--33.3971392 86 1 1 1 1 1 1 1 1 1 1 1 2 2 4 5 5 5 6 9 10 11 11 12 13 14 14
-56.5405446--33.3973416 73 1 1 1 1 1 1 1 1 1 1 1 2 2 4 4 5 5 6 9 10 11 11 12 13 14 14
-56.5384191--33.3984638 82 1 1 1 1 1 1 1 1 1 1 1 2 2 2 4 5 6 6 6 9 10 11 11 12 13 14
-56.5388471--33.3988678 64 1 1 1 1 1 1 1 1 1 1 1 2 2 2 2 4 6 6 6 9 10 11 11 12 13 14
-56.5355289--33.3925153 0 1 1 1 1 1 1 1 2 2 2 4 5 5 5 6 9 10 11 12 13 13 14 14 14 14 14
-56.5280963--33.3921254 4 1 1 1 2 2 2 2 2 3 3 5 6 6 8 11 11 11 12 13 13 14 14 14 14 14 14
-56.5348539--33.3917491 5 1 1 1 1 1 1 1 2 2 4 4 5 5 5 8 10 11 11 12 13 14 14 14 14 14 14
-56.5356096--33.3924547 62 1 1 1 1 1 1 1 2 2 2 4 5 5 5 6 9 10 11 12 13 13 14 14 14 14 14
-56.5369505--33.3901839 81 1 1 1 1 1 1 1 1 2 2 4 5 5 5 6 9 10 11 11 12 13 14 14 14 14 14
-56.538064--33.3930624 121 1 1 1 1 1 1 1 1 1 2 2 4 5 5 5 6 9 10 11 12 12 13 14 14 14 14
-56.5013766--33.3941458 18 1 1 1 1 1 1 1 1 1 1 1 1 1 1 2 3 3 5 6 6 8 10 11 12 13 13
-56.497966--33.3913295 85 1 1 1 1 1 1 1 1 1 1 1 1 1 1 1 2 3 5 6 8 10 11 12 13 13 14
-56.5018822--33.3934413 80 1 1 1 1 1 1 1 1 1 1 1 1 1 1 2 3 3 6 6 8 8 10 11 12 13 13
-56.4995454--33.3906957 81 1 1 1 1 1 1 1 1 1 1 1 1 1 1 1 3 5 6 8 10 11 12 13 13 14 14
-56.5018089--33.390517 38 1 1 1 1 1 1 1 1 1 1 1 1 1 1 3 4 6 8 9 11 12 12 13 13 14 14
-56.5007725--33.3902089 70 1 1 1 1 1 1 1 1 1 1 1 1 1 1 1 4 6 8 8 10 11 12 13 13 14 14
-56.5024535--33.3895145 51 1 1 1 1 1 1 1 1 1 1 1 1 1 1 2 6 7 8 10 11 12 13 13 14 14 14
-56.5018089--33.390517 16 1 1 1 1 1 1 1 1 1 1 1 1 1 1 3 4 6 8 9 11 12 12 13 13 14 14
-56.5023235--33.3889232 160 1 1 1 1 1 1 1 1 1 1 1 1 1 1 2 5 6 8 10 11 12 13 13 14 14 14
-56.4999505--33.3887116 40 1 1 1 1 1 1 1 1 1 1 1 1 1 1 2 3 4 7 10 11 12 13 13 14 14 14
-56.5007725--33.3902089 109 1 1 1 1 1 1 1 1 1 1 1 1 1 1 1 4 6 8 8 10 11 12 13 13 14 14
-56.5041125--33.3871965 112 1 1 1 1 1 1 1 1 1 1 1 1 1 3 3 4 7 11 12 13 13 14 14 14 14 14
-56.49981--33.3867331 75 1 1 1 1 1 1 1 1 1 1 1 1 1 3 3 4 4 9 11 12 13 13 14 14 14 14
-56.5047422--33.3850809 51 1 1 1 1 1 1 1 1 1 1 1 3 3 4 6 9 11 13 13 14 14 14 14 14 14 14
-56.5089936--33.3945065 107 1 1 1 1 1 1 1 1 1 1 1 1 2 3 3 4 5 6 7 8 10 11 12 13 13 14
-56.510464--33.3926452 16 1 1 1 1 1 1 1 1 1 1 1 1 1 4 5 6 7 8 10 11 12 13 13 14 14 14
-56.5107475--33.3907879 24 1 1 1 1 1 1 1 1 1 1 1 1 3 6 6 8 9 10 11 12 13 13 14 14 14 14
-56.5099345--33.3903763 50 1 1 1 1 1 1 1 1 1 1 1 2 4 6 7 8 10 11 12 13 13 14 14 14 14 14
-56.5101995--33.3915352 14 1 1 1 1 1 1 1 1 1 1 1 1 3 5 6 7 8 10 11 12 13 13 14 14 14 14
-56.5096596--33.39227 29 1 1 1 1 1 1 1 1 1 1 1 1 2 4 6 6 8 9 10 11 12 13 13 14 14 14
-56.5092235--33.3913418 24 1 1 1 1 1 1 1 1 1 1 1 1 4 6 6 8 8 10 11 12 13 13 14 14 14 14
-56.5083142--33.3925758 49 1 1 1 1 1 1 1 1 1 1 1 2 2 4 6 6 8 9 10 11 12 13 13 14 14 14
-56.5063025--33.3910089 179 1 1 1 1 1 1 1 1 1 1 1 1 1 1 4 6 6 8 9 10 11 12 13 13 14 14
-56.5068373--33.3884808 76 1 1 1 1 1 1 1 1 1 1 1 1 2 4 5 8 10 11 12 13 13 14 14 14 14 14
-56.5074347--33.3894113 86 1 1 1 1 1 1 1 1 1 1 1 1 1 1 4 6 6 8 8 10 11 12 13 13 14 14
-56.5084617--33.3967444 49 1 1 1 1 1 1 1 1 1 1 1 2 2 2 4 4 4 5 6 7 8 10 11 12 13 13
-56.5077804--33.3949049 30 1 1 1 1 1 1 1 1 1 1 1 1 3 3 3 5 6 6 8 9 11 12 13 13 14 14
-56.5064551--33.3957718 44 1 1 1 1 1 1 1 1 1 1 1 1 3 3 3 4 6 6 8 9 10 11 12 13 13 14
-56.5069329--33.3964511 88 1 1 1 1 1 1 1 1 1 1 1 2 2 3 4 4 5 6 6 8 10 11 12 13 13 14
-56.5070739--33.3978953 48 1 1 1 1 1 1 1 1 1 1 1 1 1 2 3 3 4 5 6 6 8 9 11 12 13 13
-56.5055364--33.3975512 20 1 1 1 1 1 1 1 1 1 1 1 1 2 2 3 4 4 6 6 8 9 10 11 12 13 13
-56.5053256--33.3953302 49 1 1 1 1 1 1 1 1 1 1 1 1 1 3 3 3 5 6 7 8 10 11 12 13 13 14
-56.5070699--33.394636 34 1 1 1 1 1 1 1 1 1 1 1 1 2 3 4 5 6 7 8 10 11 12 13 13 14 14
-56.503319--33.3926354 55 1 1 1 1 1 1 1 1 1 1 1 1 1 1 2 3 3 5 6 6 8 9 11 12 12 13
-56.5078009--33.3933371 82 1 1 1 1 1 1 1 1 1 1 1 2 2 4 5 6 7 8 10 11 12 13 13 14 14 14
-56.5037877--33.3911526 28 1 1 1 1 1 1 1 1 1 1 1 1 1 2 2 5 6 6 8 9 11 12 12 13 13 14
-56.5054364--33.3950991 140 1 1 1 1 1 1 1 1 1 1 1 1 1 3 3 3 5 6 6 8 9 11 12 13 13 14
-56.5017976--33.3968628 64 1 1 1 1 1 1 1 1 1 1 1 1 1 1 2 3 3 4 5 6 6 8 9 11 12 12
-56.5018264--33.3994825 4 1 1 1 1 1 1 1 1 1 1 1 1 1 1 1 2 3 3 4 5 6 6 8 9 11 12
-56.5055364--33.3975512 110 1 1 1 1 1 1 1 1 1 1 1 1 2 2 3 4 4 6 6 8 9 10 11 12 13 13
-56.5041597--33.3959106 85 1 1 1 1 1 1 1 1 1 1 1 1 1 2 3 3 4 5 6 7 8 10 11 12 13 13
-56.5038538--33.3981979 10 1 1 1 1 1 1 1 1 1 1 1 1 1 1 2 3 3 4 6 6 8 8 10 11 12 13
-56.5030761--33.3997166 73 1 1 1 1 1 1 1 1 1 1 1 1 1 1 2 2 3 4 4 6 6 8 9 10 11 12
-56.5025672--33.397987 36 1 1 1 1 1 1 1 1 1 1 1 1 1 1 2 3 3 4 5 6 6 8 9 11 12 13
-56.5018264--33.3994825 58 1 1 1 1 1 1 1 1 1 1 1 1 1 1 1 2 3 3 4 5 6 6 8 9 11 12
-56.4948283--33.3817168 0 1 1 1 1 1 1 1 1 1 1 1 1 1 1 1 1 1 1 3 3 4 5 9 11 12 13
-56.5020338--33.3841843 102 1 1 1 1 1 1 1 1 1 1 1 1 1 3 3 4 7 9 11 13 13 14 14 14 14 14
-56.5021706--33.3819211 22 1 1 1 1 1 1 1 1 1 1 1 1 1 1 3 3 4 7 9 11 13 13 14 14 14 14
-56.5010548--33.3819304 6 1 1 1 1 1 1 1 1 1 1 1 1 1 1 2 3 3 4 8 10 11 13 13 14 14 14
-56.5030745--33.3810621 11 1 1 1 1 1 1 1 1 1 1 1 1 1 3 3 4 5 8 10 12 13 13 14 14 14 14
-56.5015407--33.3814376 12 1 1 1 1 1 1 1 1 1 1 1 1 1 1 3 3 4 5 8 10 12 13 13 14 14 14
-56.5014249--33.3826557 46 1 1 1 1 1 1 1 1 1 1 1 1 1 1 3 3 4 4 8 10 11 13 13 14 14 14
-56.521357--33.4026062 15 1 1 1 1 1 1 2 2 2 3 3 3 3 3 4 4 5 6 7 8 11 11 11 12 13 13
-56.5195219--33.401857 3 1 1 1 1 1 1 2 2 2 3 3 3 3 3 4 4 5 6 7 8 11 11 11 12 13 13
-56.5203964--33.4019209 9 1 1 1 1 1 1 2 2 2 3 3 3 3 3 4 4 5 6 7 8 11 11 11 12 13 14
-56.521556--33.4009088 0 1 1 1 1 1 2 2 2 3 3 3 3 3 4 4 5 6 6 8 11 11 11 12 12 13 14
-56.5216862--33.3998874 25 1 1 1 1 1 2 2 3 3 3 3 3 4 4 4 6 6 7 10 11 11 11 12 13 14 14
-56.5203152--33.4026943 15 1 1 1 1 1 1 2 2 2 3 3 3 3 3 4 4 5 6 6 7 10 11 11 11 12 13
-56.5214413--33.4019972 0 1 1 1 1 1 1 2 2 2 3 3 3 3 3 4 4 6 6 7 10 11 11 11 12 13 14
-56.5205641--33.4008169 6 1 1 1 1 1 2 2 2 3 3 3 3 3 4 4 5 6 6 8 11 11 11 11 12 13 14
-56.521556--33.4009088 16 1 1 1 1 1 2 2 2 3 3 3 3 3 4 4 5 6 6 8 11 11 11 12 12 13 14
-56.5216862--33.3998874 0 1 1 1 1 1 2 2 3 3 3 3 3 4 4 4 6 6 7 10 11 11 11 12 13 14 14
-56.5186004--33.3991443 0 1 1 1 1 1 2 2 2 3 3 3 3 3 4 4 5 6 7 7 10 11 11 11 12 13 14
-56.5186409--33.4020772 47 1 1 1 1 1 1 2 2 2 3 3 3 3 3 4 4 5 6 7 8 11 11 11 12 13 13
-56.5154738--33.4011296 27 1 1 1 1 1 1 1 1 2 2 2 3 3 3 3 3 4 4 6 6 7 10 11 11 11 12
-56.5181407--33.3998739 81 1 1 1 1 1 1 2 2 2 3 3 3 3 3 4 4 5 6 7 8 11 11 11 12 13 14
-56.5155709--33.3991562 29 1 1 1 1 1 1 2 2 2 3 3 3 3 3 4 4 4 6 7 7 10 11 11 12 13 13
-56.5155709--33.3991562 40 1 1 1 1 1 1 2 2 2 3 3 3 3 3 4 4 4 6 7 7 10 11 11 12 13 13
-56.5181407--33.3998739 9 1 1 1 1 1 1 2 2 2 3 3 3 3 3 4 4 5 6 7 8 11 11 11 12 13 14
-56.5193636--33.4007116 29 1 1 1 1 1 2 2 2 3 3 3 3 3 4 4 5 6 7 7 10 11 11 11 12 13 14
-56.513898--33.3980403 34 1 1 1 1 1 1 1 2 2 2 3 3 3 3 3 4 4 5 6 7 7 10 11 11 12 13
-56.5197454--33.3934435 70 1 1 1 1 1 1 2 2 2 3 4 4 5 6 7 8 11 11 11 12 13 13 14 14 14 14
-56.5194442--33.3927328 22 1 1 1 1 1 2 2 2 2 3 4 4 5 7 7 10 11 11 11 12 13 14 14 14 14 14
-56.5196052--33.3932382 43 1 1 1 1 1 1 2 2 2 3 4 4 5 6 7 8 11 11 11 12 13 13 14 14 14 14
-56.5197454--33.3934435 28 1 1 1 1 1 1 2 2 2 3 4 4 5 6 7 8 11 11 11 12 13 13 14 14 14 14
-56.5184758--33.3931684 29 1 1 1 1 1 1 2 2 2 3 4 4 5 6 7 7 10 11 11 12 13 13 14 14 14 14
-56.5136129--33.3903946 0 1 1 1 1 1 1 1 1 1 3 3 3 4 6 7 8 10 11 12 13 13 14 14 14 14 14
-56.5170968--33.3942731 6 1 1 1 1 1 1 1 2 2 2 3 4 4 5 6 7 7 10 11 11 12 13 13 14 14 14
-56.519248--33.3928232 101 1 1 1 1 1 2 2 2 2 3 4 4 5 7 7 8 11 11 11 12 13 13 14 14 14 14
-56.5175749--33.392526 57 1 1 1 1 1 1 2 2 2 2 4 4 5 6 7 7 11 11 11 12 13 13 14 14 14 14
-56.517487--33.3915389 64 1 1 1 1 1 1 2 2 2 3 4 4 5 7 7 8 11 11 12 13 13 14 14 14 14 14
-56.5175999--33.3904577 36 1 1 1 1 1 1 2 2 3 3 3 5 7 7 8 10 11 12 13 13 14 14 14 14 14 14
-56.5167707--33.3918578 24 1 1 1 1 1 1 2 2 2 3 4 4 5 7 7 8 11 11 11 12 13 13 14 14 14 14
-56.5160228--33.3912401 77 1 1 1 1 1 1 1 2 2 3 3 4 5 7 7 8 10 11 12 13 13 14 14 14 14 14
-56.517083--33.3917133 51 1 1 1 1 1 1 2 2 2 3 4 4 5 7 7 8 11 11 12 13 13 14 14 14 14 14
-56.5170659--33.3908636 18 1 1 1 1 1 1 2 2 2 3 4 4 6 7 8 8 11 11 12 13 13 14 14 14 14 14
-56.5303056--33.3869472 91 1 1 1 1 1 1 2 4 4 5 5 5 8 9 10 11 12 13 14 14 14 14 14 14 14 14
-56.5303535--33.3844658 3 1 1 1 1 1 1 2 2 4 5 5 7 8 9 9 10 10 13 14 14 14 14 14 14 14 14
-56.5354583--33.3792611 17 1 1 1 1 1 1 2 4 5 6 7 9 9 11 11 12 13 13 13 14 14 14 14 14 14 14
-56.5354459--33.380224 108 1 1 1 1 1 1 2 5 5 6 8 9 9 11 11 12 13 13 13 14 14 14 14 14 14 14
-56.5332383--33.3768756 70 1 1 1 1 1 3 4 4 6 8 8 10 11 11 12 13 13 13 13 13 14 14 14 14 14 14
-56.5340855--33.3777464 0 1 1 1 1 1 2 4 4 6 7 8 9 11 11 12 13 13 13 13 13 14 14 14 14 14 14
-56.5313779--33.3783531 74 1 1 1 1 2 4 4 6 7 8 9 11 11 12 13 13 13 13 14 14 14 14 14 14 14 14
-56.5315982--33.377194 58 1 1 1 1 3 4 4 6 7 8 9 11 11 12 13 13 13 13 13 14 14 14 14 14 14 14
-56.5316147--33.3815079 38 1 1 1 1 1 2 4 5 6 8 9 9 10 11 12 13 13 14 14 14 14 14 14 14 14 14
-56.5308959--33.3810964 46 1 1 1 1 1 3 4 5 7 8 9 9 10 11 12 13 13 14 14 14 14 14 14 14 14 14
-56.5343978--33.3791676 98 1 1 1 1 1 1 3 4 5 6 8 9 10 11 11 12 13 13 13 14 14 14 14 14 14 14
-56.5318784--33.3789353 78 1 1 1 1 2 3 4 6 7 8 9 10 11 12 13 13 13 13 14 14 14 14 14 14 14 14
-56.5343978--33.3791676 72 1 1 1 1 1 1 3 4 5 6 8 9 10 11 11 12 13 13 13 14 14 14 14 14 14 14
-56.5332375--33.3771962 12 1 1 1 1 1 3 4 4 6 8 8 10 11 12 13 13 13 13 13 13 14 14 14 14 14 14
-56.5310496--33.3802233 61 1 1 1 1 1 2 5 5 6 8 9 9 11 11 12 13 13 13 14 14 14 14 14 14 14 14
-56.5314119--33.379629 78 1 1 1 1 1 2 5 5 6 9 9 9 11 12 13 13 13 13 14 14 14 14 14 14 14 14
-56.5320587--33.3808233 25 1 1 1 1 1 1 3 5 5 7 9 9 9 11 12 13 13 13 14 14 14 14 14 14 14 14
-56.5324917--33.38016 29 1 1 1 1 1 2 4 5 6 8 9 9 11 11 12 13 13 13 14 14 14 14 14 14 14 14
-56.5337274--33.3811331 0 1 1 1 1 1 1 1 3 5 5 7 9 9 9 11 11 12 13 14 14 14 14 14 14 14 14
-56.5316147--33.3815079 42 1 1 1 1 1 2 4 5 6 8 9 9 10 11 12 13 13 14 14 14 14 14 14 14 14 14
-56.5334236--33.3825697 53 1 1 1 1 1 1 3 4 5 7 8 9 9 10 11 12 13 14 14 14 14 14 14 14 14 14
-56.5320587--33.3808233 47 1 1 1 1 1 1 3 5 5 7 9 9 9 11 12 13 13 13 14 14 14 14 14 14 14 14
-56.5311803--33.3795134 17 1 1 1 1 1 2 5 5 6 9 9 9 11 12 13 13 13 13 14 14 14 14 14 14 14 14
-56.5080182--33.3680054 0 1 1 1 1 1 1 1 1 1 1 1 1 5 7 8 10 10 10 11 13 13 13 13 13 13 13
-56.5110561--33.3676618 0 1 1 1 1 1 1 1 1 1 1 1 1 1 5 8 9 10 10 10 12 13 13 13 13 13 13
-56.5100186--33.3679818 6 1 1 1 1 1 1 1 1 1 1 1 1 3 7 8 10 10 10 11 13 13 13 13 13 13 13
-56.5091125--33.3681782 13 1 1 1 1 1 1 1 1 1 1 1 1 3 7 8 10 10 10 11 13 13 13 13 13 13 13
-56.5091125--33.3681782 12 1 1 1 1 1 1 1 1 1 1 1 1 3 7 8 10 10 10 11 13 13 13 13 13 13 13
-56.5093648--33.3675819 8 1 1 1 1 1 1 1 1 1 1 1 1 5 7 9 10 10 10 12 13 13 13 13 13 13 13
-56.5093648--33.3675819 0 1 1 1 1 1 1 1 1 1 1 1 1 5 7 9 10 10 10 12 13 13 13 13 13 13 13
-56.5086734--33.3668619 15 1 1 1 1 1 1 1 1 1 1 1 3 7 8 10 10 10 10 13 13 13 13 13 13 13 13
-56.5093983--33.3674787 6 1 1 1 1 1 1 1 1 1 1 1 1 5 7 9 10 10 10 12 13 13 13 13 13 13 13
-56.5105772--33.365954 11 1 1 1 1 1 1 1 1 1 1 1 1 2 6 8 9 10 10 10 12 13 13 13 13 13 13
-56.5099055--33.3666205 5 1 1 1 1 1 1 1 1 1 1 1 1 3 7 9 10 10 10 11 13 13 13 13 13 13 13
-56.5110561--33.3676618 2 1 1 1 1 1 1 1 1 1 1 1 1 1 5 8 9 10 10 10 12 13 13 13 13 13 13
-56.5125556--33.3640898 1 1 1 1 1 1 1 1 1 1 1 1 1 2 2 4 8 9 10 10 10 11 13 13 13 13 13
-56.5108006--33.3656817 0 1 1 1 1 1 1 1 1 1 1 1 1 1 6 8 9 10 10 10 12 13 13 13 13 13 13
-56.5128687--33.3629604 50 1 1 1 1 1 1 1 1 1 1 1 1 2 2 4 8 9 10 10 10 10 13 13 13 13 13
-56.5118064--33.3635131 21 1 1 1 1 1 1 1 1 1 1 1 1 2 2 6 8 9 10 10 10 12 13 13 13 13 13
-56.5137953--33.3605931 0 1 1 1 1 1 1 1 1 1 1 2 2 2 2 2 2 5 8 9 10 10 11 11 13 13 13
-56.5175182--33.3604262 23 1 1 1 1 1 1 1 1 2 2 2 2 2 2 2 7 8 8 9 10 11 11 11 11 11 13
-56.5150934--33.3612697 26 1 1 1 1 1 1 1 1 1 2 2 2 2 2 2 2 4 7 8 9 10 11 11 11 13 13
-56.5128714--33.357996 0 1 1 1 1 1 1 1 1 1 2 2 2 2 2 2 2 7 8 9 10 10 11 11 13 13 13
-56.5125533--33.3574631 0 1 1 1 1 1 1 1 1 1 2 2 2 2 2 2 2 4 8 9 10 10 11 11 12 13 13
-56.5137953--33.3605931 16 1 1 1 1 1 1 1 1 1 1 2 2 2 2 2 2 5 8 9 10 10 11 11 13 13 13
-56.5150478--33.360536 32 1 1 1 1 1 1 1 1 1 2 2 2 2 2 2 2 7 8 9 10 10 11 11 12 13 13
-56.5170055--33.3583557 46 1 1 1 1 1 1 1 1 2 2 2 2 2 2 7 7 8 8 9 11 11 11 11 11 13 13
-56.5175182--33.3604262 59 1 1 1 1 1 1 1 1 2 2 2 2 2 2 2 7 8 8 9 10 11 11 11 11 11 13
-56.5199754--33.3592813 57 1 1 1 1 1 1 1 1 1 2 2 2 2 6 7 8 8 9 10 11 11 11 11 11 12 13
-56.5137012--33.3588814 31 1 1 1 1 1 1 1 1 1 2 2 2 2 2 2 4 8 9 10 10 10 11 11 13 13 13
-56.513741--33.3595849 37 1 1 1 1 1 1 1 1 1 2 2 2 2 2 2 2 8 9 10 10 10 11 12 13 13 13
-56.5149216--33.3584341 31 1 1 1 1 1 1 1 1 2 2 2 2 2 2 2 7 7 8 10 10 11 11 11 11 13 13
-56.5149935--33.3594846 45 1 1 1 1 1 1 1 1 2 2 2 2 2 2 2 4 7 8 9 10 11 11 11 13 13 13
-56.5186984--33.3582808 42 1 1 1 1 1 1 1 1 1 2 2 2 2 6 7 8 8 9 10 11 11 11 11 11 12 13
-56.5185897--33.3582849 49 1 1 1 1 1 1 1 1 1 2 2 2 2 6 7 8 8 9 10 10 11 11 11 11 12 13
-56.5161784--33.3583876 5 1 1 1 1 1 1 1 2 2 2 2 2 2 2 5 7 8 8 9 11 11 11 11 11 13 13
-56.5222459--33.3583922 41 1 1 1 1 1 1 1 1 1 1 2 2 2 4 7 8 8 9 10 10 11 11 11 11 12 12
-56.5186984--33.3582808 22 1 1 1 1 1 1 1 1 1 2 2 2 2 6 7 8 8 9 10 11 11 11 11 11 12 13
-56.5199608--33.3568811 0 1 1 1 1 1 1 1 1 1 1 2 3 7 8 8 9 9 10 11 11 11 11 12 12 12 13
-56.5261852--33.3572534 4 1 1 1 1 1 1 1 1 1 1 6 7 8 8 9 10 11 11 11 11 11 12 12 12 13 13
-56.5239788--33.3584086 0 1 1 1 1 1 1 1 1 1 3 6 8 8 9 9 10 11 11 11 11 12 12 12 13 13 13
-56.523597--33.3570628 66 1 1 1 1 1 1 1 1 1 1 6 7 8 8 9 10 11 11 11 11 11 12 12 12 13 13
-56.5328082--33.3494161 0 1 1 1 1 1 1 1 1 1 1 1 1 1 1 1 6 7 8 8 9 10 11 11 11 11 11
-56.5304079--33.3515404 0 1 1 1 1 1 1 1 1 1 1 1 1 1 3 6 8 8 9 10 10 11 11 11 11 12 12
-56.5303096--33.3516318 13 1 1 1 1 1 1 1 1 1 1 1 1 1 4 7 8 8 9 10 10 11 11 11 11 12 12
-56.5312603--33.3530485 4 1 1 1 1 1 1 1 1 1 1 1 1 1 1 6 7 8 9 9 10 11 11 11 11 12 12
-56.5312603--33.3530485 0 1 1 1 1 1 1 1 1 1 1 1 1 1 1 6 7 8 9 9 10 11 11 11 11 12 12
-56.5272776--33.3544474 0 1 1 1 1 1 1 1 1 1 1 1 4 7 8 8 9 10 10 11 11 11 11 12 12 12 13
-56.5254843--33.3571758 21 1 1 1 1 1 1 1 1 1 2 6 8 8 9 9 10 11 11 11 11 12 12 12 13 13 13
-56.5303096--33.3516318 35 1 1 1 1 1 1 1 1 1 1 1 1 1 4 7 8 8 9 10 10 11 11 11 11 12 12
-56.5177877--33.3456088 0 1 1 1 1 1 1 1 1 1 1 1 1 1 1 1 1 2 2 2 4 7 8 8 9 10 10
-56.5208882--33.3423565 17 1 1 1 1 1 1 1 1 1 1 1 1 1 1 1 1 1 1 1 2 2 2 5 7 8 8
-56.5222144--33.3339826 0 1 1 1 1 1 1 1 1 1 1 1 1 1 1 1 1 1 1 1 1 1 1 4 7 8 8
-56.5215322--33.337632 32 1 1 1 1 1 1 1 1 1 1 1 1 1 1 1 1 1 1 1 1 2 6 8 8 9 9
-56.5286154--33.3851153 0 1 1 1 1 1 4 5 5 5 8 9 10 10 11 13 14 14 14 14 14 14 14 14 14 14 14
-56.5366788--33.3729073 0 1 1 1 1 1 1 2 3 3 4 5 8 9 9 10 12 13 13 13 13 13 13 13 14 14 14
-56.5354937--33.37405 0 1 1 1 1 1 2 3 4 4 5 8 9 9 11 12 13 13 13 13 13 13 13 14 14 14 14
-56.5245146--33.3974375 66 1 1 1 1 1 1 1 1 3 3 3 3 3 4 4 5 6 6 8 11 11 11 11 12 13 14
-56.4936305--33.3888642 52 1 1 1 1 1 1 1 1 1 1 1 1 1 1 1 1 1 2 2 5 5 7 8 10 11 12
-56.5007725--33.3902089 0 1 1 1 1 1 1 1 1 1 1 1 1 1 1 1 4 6 8 8 10 11 12 13 13 14 14
-56.5226734--33.364657 0 1 1 1 1 3 6 7 8 9 9 9 11 11 11 11 12 12 12 13 13 13 13 13 13 13 13
-56.524154--33.3624525 0 1 1 1 1 1 1 2 6 8 8 9 9 10 11 11 11 11 12 12 12 13 13 13 13 13 13
-56.5213749--33.3672454 0 1 1 1 2 5 6 9 9 9 10 11 11 11 12 12 12 13 13 13 13 13 13 13 13 13 14
-56.5201977--33.3672688 0 1 1 1 3 6 6 8 9 9 10 10 11 11 12 12 12 12 13 13 13 13 13 13 13 13 14
-56.5024512--33.395571 20 1 1 1 1 1 1 1 1 1 1 1 1 1 2 2 3 4 4 6 6 8 9 10 11 12 13
-56.5036709--33.3958108 118 1 1 1 1 1 1 1 1 1 1 1 1 1 2 3 3 4 5 6 7 8 10 11 12 13 13
-56.5176022--33.356804 0 1 1 1 1 1 1 1 1 1 2 2 2 2 7 8 8 9 9 10 11 11 11 11 12 12 12
-56.5199484--33.3567461 0 1 1 1 1 1 1 1 1 1 1 2 3 7 8 8 9 9 10 11 11 11 11 12 12 12 13
-56.5336072--33.3877665 14 1 1 1 1 1 1 1 3 4 5 5 5 8 9 9 11 12 12 14 14 14 14 14 14 14 14
-56.5311033--33.3697158 0 1 1 1 1 1 2 5 7 7 9 9 10 11 12 12 12 13 13 13 13 13 13 13 13 14 14
-56.5310869--33.368623 154 1 1 1 1 1 2 5 7 7 8 9 11 11 12 12 12 13 13 13 13 13 13 13 13 13 14
-56.5323126--33.3709231 291 1 1 1 1 2 2 4 5 7 8 9 9 11 12 12 13 13 13 13 13 13 13 13 13 14 14
-56.5319493--33.3735537 17 1 1 1 1 3 3 4 6 8 8 10 10 11 13 13 13 13 13 13 13 13 13 14 14 14 14
-56.5375184--33.3990572 0 1 1 1 1 1 1 1 1 1 1 1 2 2 2 2 5 6 6 6 7 10 10 11 12 13 14
-56.5258815--33.3970992 0 1 1 1 1 1 1 2 2 3 3 3 4 4 6 6 6 8 11 11 11 12 13 13 14 14 14
-56.5334119--33.3904826 0 1 1 1 1 1 1 2 2 4 4 5 5 5 8 10 11 11 12 13 14 14 14 14 14 14 14
-56.5342003--33.3912468 0 1 1 1 1 1 1 2 2 2 4 5 5 5 6 9 10 11 12 13 13 14 14 14 14 14 14
-56.5328684--33.3899653 0 1 1 1 1 1 1 2 2 4 5 5 5 6 9 10 11 12 12 13 14 14 14 14 14 14 14
-56.5318193--33.3892938 0 1 1 1 1 1 2 2 2 4 5 5 5 6 9 10 11 12 13 13 14 14 14 14 14 14 14
-56.5318193--33.3892938 0 1 1 1 1 1 2 2 2 4 5 5 5 6 9 10 11 12 13 13 14 14 14 14 14 14 14
-56.5319364--33.3901175 44 1 1 1 1 1 2 2 2 3 4 5 5 5 9 10 11 11 12 13 14 14 14 14 14 14 14
-56.5327638--33.3908016 15 1 1 1 1 1 1 2 2 2 4 5 5 5 8 10 11 11 12 13 14 14 14 14 14 14 14
-56.5322173--33.3909109 40 1 1 1 1 1 2 2 2 2 4 5 5 5 7 10 11 11 12 13 14 14 14 14 14 14 14
-56.531899--33.3912434 15 1 1 1 1 1 2 2 2 2 4 5 5 5 7 10 10 11 12 12 13 14 14 14 14 14 14
-56.531899--33.3912434 0 1 1 1 1 1 2 2 2 2 4 5 5 5 7 10 10 11 12 12 13 14 14 14 14 14 14
-56.5293754--33.3881847 0 1 1 1 1 1 2 3 3 5 5 5 8 9 10 11 12 13 14 14 14 14 14 14 14 14 14
-56.524068--33.3962813 0 1 1 1 1 1 2 2 2 3 3 4 4 5 6 6 8 11 11 11 12 12 13 14 14 14 14
-56.5213773--33.3968848 0 1 1 1 1 1 1 3 3 3 3 3 4 4 5 6 7 8 11 11 11 12 13 13 14 14 14
-56.5201254--33.3991632 0 1 1 1 1 1 2 2 3 3 3 3 3 4 4 5 6 7 7 10 11 11 11 12 13 14 14
-56.5181094--33.4029057 0 1 1 1 1 1 1 1 2 2 2 3 3 3 3 3 4 4 6 6 7 10 11 11 11 12 13
-56.5167707--33.3918578 0 1 1 1 1 1 1 2 2 2 3 4 4 5 7 7 8 11 11 11 12 13 13 14 14 14 14
-56.5196726--33.3951568 0 1 1 1 1 1 1 1 2 3 3 3 4 4 4 6 7 7 10 11 11 12 13 13 14 14 14
-56.5188831848429--33.3962216940733 0 1 1 1 1 1 1 1 3 3 3 3 3 4 4 5 6 7 8 11 11 11 12 13 13 14 14
-56.5199956--33.3959897 0 1 1 1 1 1 1 2 3 3 3 3 3 4 4 6 6 7 10 11 11 11 12 13 14 14 14
-56.5188831848429--33.3962216940733 0 1 1 1 1 1 1 1 3 3 3 3 3 4 4 5 6 7 8 11 11 11 12 13 13 14 14
-56.5202945--33.3961925 0 1 1 1 1 1 1 2 3 3 3 3 3 4 4 6 6 7 10 11 11 11 12 13 14 14 14
-56.5183706--33.3962964 0 1 1 1 1 1 1 1 3 3 3 3 3 4 4 5 6 7 7 10 11 11 12 13 13 14 14
-56.5195530499372--33.3974844026595 0 1 1 1 1 1 1 2 3 3 3 3 3 4 4 5 6 7 7 10 11 11 11 12 13 14 14
-56.5190009093724--33.3984464524318 15 1 1 1 1 1 1 2 2 3 3 3 3 3 4 4 5 6 7 8 11 11 11 12 13 13 14
-56.5202945--33.3961925 0 1 1 1 1 1 1 2 3 3 3 3 3 4 4 6 6 7 10 11 11 11 12 13 14 14 14
-56.5199229064054--33.3968399647143 0 1 1 1 1 1 1 1 3 3 3 3 3 4 4 5 6 7 8 11 11 11 12 13 13 14 14
-56.5195530499372--33.3974844026595 0 1 1 1 1 1 1 2 3 3 3 3 3 4 4 5 6 7 7 10 11 11 11 12 13 14 14
-56.5190009093724--33.3984464524318 0 1 1 1 1 1 1 2 2 3 3 3 3 3 4 4 5 6 7 8 11 11 11 12 13 13 14
-56.514975--33.3896106 42 1 1 1 1 1 1 1 1 3 3 3 4 6 7 8 9 11 12 13 13 14 14 14 14 14 14
-56.5165929--33.3909622 0 1 1 1 1 1 1 1 2 2 3 3 4 5 7 7 8 11 11 12 13 13 14 14 14 14 14
-56.499937--33.3931058 19 1 1 1 1 1 1 1 1 1 1 1 1 1 2 2 2 4 5 6 8 10 11 12 13 13 14
-56.4993848--33.3938583 0 1 1 1 1 1 1 1 1 1 1 1 1 1 1 2 3 3 5 6 8 9 10 11 12 13 13
-56.5024535--33.3895145 0 1 1 1 1 1 1 1 1 1 1 1 1 1 1 2 6 7 8 10 11 12 13 13 14 14 14
-56.5033624--33.3891452 0 1 1 1 1 1 1 1 1 1 1 1 1 1 2 3 6 8 9 11 12 13 13 13 14 14 14
-56.5040508--33.3888773 0 1 1 1 1 1 1 1 1 1 1 1 1 1 2 4 6 8 10 11 12 13 13 14 14 14 14
-56.5027191--33.3856857 0 1 1 1 1 1 1 1 1 1 1 1 1 3 3 4 6 9 11 13 13 14 14 14 14 14 14
-56.5058766--33.3846286 0 1 1 1 1 1 1 1 1 1 1 3 3 4 5 8 10 11 13 13 14 14 14 14 14 14 14
-56.5047111--33.3850154 0 1 1 1 1 1 1 1 1 1 1 1 3 3 4 6 9 11 13 13 14 14 14 14 14 14 14
-56.5026541--33.3800987 0 1 1 1 1 1 1 1 1 1 1 1 1 1 1 3 3 4 7 9 11 13 13 14 14 14 14
-56.510307--33.3809009 0 1 1 1 1 1 1 1 1 2 3 3 4 7 9 11 12 12 14 14 14 14 14 14 14 14 14
-56.5111545--33.3809982 0 1 1 1 1 1 1 1 1 3 3 4 5 9 11 11 12 12 14 14 14 14 14 14 14 14 14
-56.5123717--33.381266 0 1 1 1 1 1 1 1 3 3 4 5 7 10 11 12 12 13 14 14 14 14 14 14 14 14 14
-56.5135114--33.3739098 0 1 1 1 1 1 1 5 7 8 9 9 10 12 13 13 13 13 13 13 13 13 14 14 14 14 14
-56.5135114--33.3739098 0 1 1 1 1 1 1 5 7 8 9 9 10 12 13 13 13 13 13 13 13 13 14 14 14 14 14
-56.5135114--33.3739098 0 1 1 1 1 1 1 5 7 8 9 9 10 12 13 13 13 13 13 13 13 13 14 14 14 14 14
-56.5135114--33.3739098 0 1 1 1 1 1 1 5 7 8 9 9 10 12 13 13 13 13 13 13 13 13 14 14 14 14 14
-56.5185127--33.363602 0 1 1 2 2 3 6 7 7 7 9 9 10 10 11 11 11 12 12 12 13 13 13 13 13 13 13
-56.5178356--33.3662628 0 1 1 3 3 4 6 6 7 8 10 10 10 10 11 12 12 12 13 13 13 13 13 13 13 13 13
-56.5251938--33.3621773 0 1 1 1 1 1 1 6 7 8 8 9 10 11 11 11 11 11 12 12 12 13 13 13 13 13 13
-56.5345585--33.3759655 0 1 1 1 1 1 2 3 4 4 6 8 9 10 11 12 13 13 13 13 13 13 14 14 14 14 14
-56.5345625--33.3751712 0 1 1 1 1 1 3 3 4 5 6 8 9 10 11 12 13 13 13 13 13 13 14 14 14 14 14
-56.5349927--33.3781764 0 1 1 1 1 1 1 3 4 5 6 8 9 10 11 12 13 13 13 13 13 14 14 14 14 14 14
-56.5354583--33.3792611 0 1 1 1 1 1 1 2 4 5 6 7 9 9 11 11 12 13 13 13 14 14 14 14 14 14 14
-56.5354459--33.380224 0 1 1 1 1 1 1 2 5 5 6 8 9 9 11 11 12 13 13 13 14 14 14 14 14 14 14
-56.5351682--33.3806326 0 1 1 1 1 1 1 2 5 5 6 8 9 9 11 11 12 13 13 14 14 14 14 14 14 14 14
-56.534457--33.3816661 0 1 1 1 1 1 1 1 3 5 5 7 9 9 9 11 11 12 13 14 14 14 14 14 14 14 14
-56.5341036--33.3828675 0 1 1 1 1 1 1 2 3 4 6 7 9 9 9 10 12 13 14 14 14 14 14 14 14 14 14
-56.5334481--33.3837741 0 1 1 1 1 1 2 3 4 5 7 8 9 9 10 10 12 13 14 14 14 14 14 14 14 14 14
-56.5323493--33.3855363 0 1 1 1 1 1 2 2 4 5 5 7 8 9 9 10 11 13 14 14 14 14 14 14 14 14 14
-56.5315314--33.3868095 0 1 1 1 1 1 1 3 4 5 5 5 7 9 9 10 11 12 14 14 14 14 14 14 14 14 14
-56.5311558--33.3873939 0 1 1 1 1 1 1 3 4 5 5 5 8 9 9 11 12 13 14 14 14 14 14 14 14 14 14
-56.5315314--33.3868095 0 1 1 1 1 1 1 3 4 5 5 5 7 9 9 10 11 12 14 14 14 14 14 14 14 14 14
-56.5332375--33.3771962 0 1 1 1 1 1 3 4 4 6 8 8 10 11 12 13 13 13 13 13 13 14 14 14 14 14 14
-56.5377506--33.3813183 0 1 1 1 1 1 1 1 1 2 5 5 6 9 9 9 11 11 12 13 13 14 14 14 14 14 14
-56.5377506--33.3813183 5 1 1 1 1 1 1 1 1 2 5 5 6 9 9 9 11 11 12 13 13 14 14 14 14 14 14
-56.5390233--33.3813625 0 1 1 1 1 1 1 1 1 2 4 5 5 7 9 9 10 11 12 13 13 13 14 14 14 14 14
-56.5395695--33.3797396 0 1 1 1 1 1 1 1 1 1 3 5 5 6 9 9 10 11 12 13 13 13 14 14 14 14 14
-56.5379781--33.3798768 48 1 1 1 1 1 1 1 1 3 5 5 6 9 9 10 11 12 13 13 13 14 14 14 14 14 14
-56.5387129--33.3804549 79 1 1 1 1 1 1 1 1 1 3 5 5 6 9 9 9 11 12 13 13 13 14 14 14 14 14
-56.5474799--33.3816995 4 1 1 1 1 1 1 1 1 1 1 1 1 1 1 2 4 5 6 8 9 9 10 11 12 13 13
-56.5481558--33.3816231 71 1 1 1 1 1 1 1 1 1 1 1 1 1 1 1 3 5 5 7 9 9 9 11 12 13 13
-56.5367214--33.3830756 38 1 1 1 1 1 1 1 2 3 4 6 7 8 9 9 11 11 12 13 14 14 14 14 14 14 14
-56.5372318--33.3836472 148 1 1 1 1 1 1 1 2 3 4 5 7 8 9 9 10 11 12 13 14 14 14 14 14 14 14
-56.5299955--33.3862995 29 1 1 1 1 1 1 3 4 5 5 5 8 9 10 11 12 13 14 14 14 14 14 14 14 14 14
-56.5287101--33.386869 25 1 1 1 1 1 3 3 5 5 5 8 9 10 11 12 13 14 14 14 14 14 14 14 14 14 14
-56.5278362--33.3838035 0 1 1 1 1 2 3 5 5 6 9 10 10 11 12 12 14 14 14 14 14 14 14 14 14 14 14
-56.527169--33.3851362 27 1 1 1 1 2 3 4 5 6 6 9 10 10 11 13 14 14 14 14 14 14 14 14 14 14 14
-56.5227078--33.3704407 0 1 2 3 3 6 6 8 10 11 11 11 12 12 12 12 13 13 13 13 13 13 13 13 14 14 14
-56.521844--33.3708583 0 2 2 3 3 5 7 9 10 10 11 11 12 12 12 13 13 13 13 13 13 13 13 13 14 14 14
-56.4978824--33.3789708 0 1 1 1 1 1 1 1 1 1 1 1 1 1 1 1 1 3 3 4 5 8 10 11 13 13 14
-56.5092596--33.3812772 65 1 1 1 1 1 1 1 1 1 3 3 4 5 8 10 11 12 12 14 14 14 14 14 14 14 14
-56.5375184--33.3990572 1 1 1 1 1 1 1 1 1 1 1 1 2 2 2 2 5 6 6 6 7 10 10 11 12 13 14
-56.5359584--33.3975778 0 1 1 1 1 1 1 1 1 1 2 2 2 2 2 5 6 6 6 9 10 11 11 12 13 14 14
-56.5386029--33.3953091 68 1 1 1 1 1 1 1 1 1 2 2 2 4 5 5 5 7 10 10 11 12 12 13 14 14 14
-56.5391677--33.3959045 88 1 1 1 1 1 1 1 1 1 1 2 2 4 4 5 5 6 9 10 11 11 12 13 14 14 14
-56.5402402--33.3951936 50 1 1 1 1 1 1 1 1 1 1 1 2 3 4 5 5 5 9 10 11 11 12 13 14 14 14
-56.5401991--33.3969216 126 1 1 1 1 1 1 1 1 1 1 1 2 2 4 5 5 5 7 10 10 11 11 12 13 14 14
-56.5399702--33.3967028 87 1 1 1 1 1 1 1 1 1 1 2 2 2 4 5 5 5 7 10 10 11 12 12 13 14 14
-56.5450458--33.3902027 2 1 1 1 1 1 1 1 1 1 1 2 2 3 4 5 6 6 7 9 9 11 12 13 14 14 14
-56.5411639--33.3958275 9 1 1 1 1 1 1 1 1 1 1 1 2 2 4 5 5 5 6 9 10 11 11 12 13 14 14
-56.5199484--33.3567461 115 1 1 1 1 1 1 1 1 1 1 2 3 7 8 8 9 9 10 11 11 11 11 12 12 12 13
-56.524446--33.3570759 0 1 1 1 1 1 1 1 1 1 3 6 8 8 9 9 10 11 11 11 11 12 12 12 13 13 13
-56.523597--33.3570628 0 1 1 1 1 1 1 1 1 1 1 6 7 8 8 9 10 11 11 11 11 11 12 12 12 13 13
-56.5228191--33.3570509 0 1 1 1 1 1 1 1 1 1 1 3 7 8 8 9 10 10 11 11 11 11 12 12 12 13 13
-56.5217621--33.3568592 0 1 1 1 1 1 1 1 1 1 1 1 7 7 8 8 9 10 11 11 11 11 12 12 12 12 13
-56.5199484--33.3567461 0 1 1 1 1 1 1 1 1 1 1 2 3 7 8 8 9 9 10 11 11 11 11 12 12 12 13
-56.5199608--33.3568811 0 1 1 1 1 1 1 1 1 1 1 2 3 7 8 8 9 9 10 11 11 11 11 12 12 12 13
-56.5153842--33.3766373 0 1 1 1 1 1 3 6 7 8 9 9 13 13 13 13 13 13 13 13 14 14 14 14 14 14 14
-56.5151355--33.3753352 0 1 1 1 1 1 4 5 7 9 9 10 12 13 13 13 13 13 13 13 13 14 14 14 14 14 14
-56.5166928--33.3784017 0 1 1 1 1 2 4 5 6 7 9 12 12 13 13 13 13 13 13 14 14 14 14 14 14 14 14
-56.5186923--33.3816203 0 1 1 1 1 1 2 3 5 8 9 10 11 12 12 13 13 14 14 14 14 14 14 14 14 14 14
-56.5186222--33.3816505 0 1 1 1 1 1 2 3 5 8 9 10 11 12 12 13 13 14 14 14 14 14 14 14 14 14 14
-56.5197097--33.3832979 0 1 1 1 1 1 1 3 5 7 8 9 10 11 12 12 14 14 14 14 14 14 14 14 14 14 14
-56.5195583--33.3833665 0 1 1 1 1 1 1 3 5 7 7 9 10 11 12 12 14 14 14 14 14 14 14 14 14 14 14
-56.5211897--33.3857198 0 1 1 1 1 1 3 3 4 5 6 7 9 10 12 13 13 14 14 14 14 14 14 14 14 14 14
-56.5210499--33.3857903 0 1 1 1 1 1 3 3 4 5 6 7 8 10 12 13 13 14 14 14 14 14 14 14 14 14 14
-56.5227039--33.3881707 0 1 1 1 1 2 2 3 3 3 4 6 7 8 11 11 12 13 13 14 14 14 14 14 14 14 14
-56.5225545--33.3882383 0 1 1 1 1 2 2 3 3 3 4 6 7 8 11 11 12 13 13 14 14 14 14 14 14 14 14
-56.5240284--33.3906944 0 1 1 1 2 2 2 2 3 3 4 6 7 7 10 11 11 12 13 13 14 14 14 14 14 14 14
-56.5245--33.3909488 0 1 1 1 2 2 2 2 3 3 3 6 7 7 10 11 11 12 12 13 14 14 14 14 14 14 14
-56.5298837--33.3815199 13 1 1 1 1 3 4 4 7 9 9 9 10 10 12 13 13 14 14 14 14 14 14 14 14 14 14
-56.5303535--33.3844658 0 1 1 1 1 1 1 2 2 4 5 5 7 8 9 9 10 10 13 14 14 14 14 14 14 14 14
-56.5282017--33.3826049 6 1 1 1 1 3 4 4 5 9 9 10 10 11 12 13 13 14 14 14 14 14 14 14 14 14 14
-56.5282595--33.3857348 38 1 1 1 1 1 3 5 5 5 8 9 10 10 11 13 14 14 14 14 14 14 14 14 14 14 14
-56.5283805--33.3846148 0 1 1 1 1 1 3 5 5 6 9 9 10 11 12 13 14 14 14 14 14 14 14 14 14 14 14
-56.5276341--33.3880937 0 1 1 1 1 2 3 3 4 5 5 6 9 11 11 12 12 13 14 14 14 14 14 14 14 14 14
-56.5277814--33.3878089 0 1 1 1 1 2 3 3 4 5 5 6 9 11 11 12 13 14 14 14 14 14 14 14 14 14 14
-56.5262282--33.3897037 4 1 1 1 2 2 2 3 3 4 5 5 7 11 11 11 12 12 13 14 14 14 14 14 14 14 14
-56.5268442--33.3906577 0 1 1 2 2 2 2 3 3 3 5 5 6 9 11 11 11 12 13 14 14 14 14 14 14 14 14
-56.5267593--33.3916694 18 1 1 2 2 2 2 2 3 3 4 6 6 6 11 11 11 11 12 13 14 14 14 14 14 14 14
-56.5257403--33.3909504 74 1 1 2 2 2 2 2 3 3 4 6 6 8 11 11 11 12 13 13 14 14 14 14 14 14 14
-56.5230237--33.3949375 0 1 1 1 1 2 2 2 2 3 4 4 4 6 6 7 10 11 11 11 12 13 14 14 14 14 14
-56.5223876--33.395667 0 1 1 1 1 1 2 2 3 3 3 4 4 5 6 7 8 11 11 11 12 13 13 14 14 14 14
-56.5226121--33.3959655 0 1 1 1 1 1 2 2 3 3 3 4 4 5 6 7 8 11 11 11 12 12 13 14 14 14 14
-56.522427--33.3958267 0 1 1 1 1 1 2 2 3 3 3 4 4 5 6 7 8 11 11 11 12 13 13 14 14 14 14
-56.5219681--33.3957939 0 1 1 1 1 1 2 2 3 3 3 4 4 5 6 7 7 10 11 11 12 12 13 14 14 14 14
-56.5226121--33.3959655 0 1 1 1 1 1 2 2 3 3 3 4 4 5 6 7 8 11 11 11 12 12 13 14 14 14 14
-56.521896--33.3962871 0 1 1 1 1 1 2 2 3 3 3 4 4 4 6 6 7 10 11 11 11 12 13 14 14 14 14
-56.5221019--33.3956063 0 1 1 1 1 1 2 2 3 3 3 4 4 5 6 7 8 11 11 11 12 13 13 14 14 14 14
-56.5234764--33.3934071 0 1 1 1 1 2 2 2 2 2 4 4 5 6 7 8 11 11 11 12 13 13 14 14 14 14 14
-56.525318--33.3922735 114 1 1 1 2 2 2 2 2 3 3 6 6 7 10 11 11 11 12 13 14 14 14 14 14 14 14
-56.5248619--33.3935614 90 1 1 1 2 2 2 2 2 2 4 4 6 6 7 10 11 11 11 12 13 14 14 14 14 14 14
-56.5237803--33.3935656 68 1 1 1 1 2 2 2 2 2 4 4 6 6 7 10 11 11 11 12 13 14 14 14 14 14 14
-56.5361179--33.3779242 142 1 1 1 1 1 1 2 4 4 6 7 8 9 11 11 12 13 13 13 13 14 14 14 14 14 14
-56.5171915--33.3750564 18 1 1 1 1 2 6 7 9 9 10 11 12 13 13 13 13 13 13 13 13 14 14 14 14 14 14
-56.5147924--33.3771732 0 1 1 1 1 1 2 5 6 8 9 9 12 13 13 13 13 13 13 13 14 14 14 14 14 14 14
-56.5226734--33.364657 0 1 1 1 1 3 6 7 8 9 9 9 11 11 11 11 12 12 12 13 13 13 13 13 13 13 13
-56.5259178--33.3932536 6 1 1 1 2 2 2 2 2 3 4 5 6 6 8 11 11 11 11 12 13 14 14 14 14 14 14
-56.5246774--33.3953301 105 1 1 1 1 2 2 2 2 3 4 4 4 6 6 7 10 11 11 11 12 13 14 14 14 14 14
-56.5387457--33.3937183 50 1 1 1 1 1 1 1 1 1 1 2 4 4 5 5 5 8 10 11 11 12 13 14 14 14 14
-56.5393322--33.3945387 29 1 1 1 1 1 1 1 1 1 1 2 2 4 5 5 5 7 10 10 11 11 12 13 14 14 14
-56.5399422--33.3913935 37 1 1 1 1 1 1 1 1 1 1 2 3 4 5 5 5 8 9 11 11 12 13 14 14 14 14
-56.5387457--33.3937183 13 1 1 1 1 1 1 1 1 1 1 2 4 4 5 5 5 8 10 11 11 12 13 14 14 14 14
-56.5337982--33.3817677 25 1 1 1 1 1 1 3 4 5 6 8 9 9 10 11 12 13 13 14 14 14 14 14 14 14 14
-56.5208882--33.3423565 57 1 1 1 1 1 1 1 1 1 1 1 1 1 1 1 1 1 1 1 2 2 2 5 7 8 8
-56.5216454--33.3390471 13 1 1 1 1 1 1 1 1 1 1 1 1 1 1 1 1 1 1 1 1 6 7 8 8 9 10
-56.5215322--33.337632 5 1 1 1 1 1 1 1 1 1 1 1 1 1 1 1 1 1 1 1 1 2 6 8 8 9 9
