Node Population Gap_0 Gap_200 Gap_400 Gap_600 Gap_800 Gap_1000 Gap_1200 Gap_1400 Gap_1600 Gap_1800 Gap_2000 Gap_2200 Gap_2400 Gap_2600 Gap_2800 Gap_3000 Gap_3200 Gap_3400 Gap_3600 Gap_3800 Gap_4000 Gap_4200 Gap_4400 Gap_4600 Gap_4800 Gap_5000
-58.2994114--33.1127938 24 1 1 1 1 1 1 2 3 7 8 10 11 11 11 11 11 11 12 13 13 13 13 13 13 13 13
-58.3011907--33.1125169 53 1 1 1 1 1 1 2 5 8 9 11 11 11 11 11 11 11 13 13 13 13 13 13 13 13 13
-58.3005097--33.111905 34 1 1 1 1 1 1 1 4 8 8 10 11 11 11 11 11 11 12 13 13 13 13 13 13 13 13
-58.3007333--33.1128817 60 1 1 1 1 1 1 3 7 8 9 11 11 11 11 11 11 11 13 13 13 13 13 13 13 13 13
-58.3011907--33.1125169 63 1 1 1 1 1 1 2 5 8 9 11 11 11 11 11 11 11 13 13 13 13 13 13 13 13 13
-58.3013508--33.1133957 32 1 1 1 1 1 1 4 8 9 10 11 11 11 11 11 11 12 13 13 13 13 13 13 13 13 13
-58.3000447--33.1141001 36 1 1 1 1 1 1 2 6 8 9 11 11 11 11 11 11 11 13 13 13 13 13 13 13 13 13
-58.2994046--33.1139415 40 1 1 1 1 1 1 2 4 7 8 10 11 11 11 11 11 11 12 13 13 13 13 13 13 13 13
-58.3000921--33.1133931 77 1 1 1 1 1 1 2 5 8 9 11 11 11 11 11 11 11 13 13 13 13 13 13 13 13 13
-58.2994823--33.1133078 15 1 1 1 1 1 1 2 3 8 8 10 11 11 11 11 11 11 12 13 13 13 13 13 13 13 13
-58.2994114--33.1127938 22 1 1 1 1 1 1 2 3 7 8 10 11 11 11 11 11 11 12 13 13 13 13 13 13 13 13
-58.2996707--33.1137293 26 1 1 1 1 1 1 2 5 8 8 10 11 11 11 11 11 11 12 13 13 13 13 13 13 13 13
-58.2985941--33.1132331 34 1 1 1 1 1 1 1 2 6 8 9 11 11 11 11 11 11 11 13 13 13 13 13 13 13 13
-58.2997456--33.113088 16 1 1 1 1 1 1 2 4 8 9 10 11 11 11 11 11 11 12 13 13 13 13 13 13 13 13
-58.2994114--33.1127938 16 1 1 1 1 1 1 2 3 7 8 10 11 11 11 11 11 11 12 13 13 13 13 13 13 13 13
-58.3014786--33.1175243 0 1 1 1 1 1 2 3 6 8 9 11 11 11 11 11 11 11 13 13 13 13 13 13 13 13 13
-58.2994105--33.1164979 39 1 1 1 1 1 1 3 4 7 8 9 11 11 11 11 11 11 11 13 13 13 13 13 13 13 13
-58.30081--33.1161776 61 1 1 1 1 1 1 3 5 8 9 11 11 11 11 11 11 11 13 13 13 13 13 13 13 13 13
-58.3005154--33.1159157 61 1 1 1 1 1 1 3 6 8 9 11 11 11 11 11 11 11 13 13 13 13 13 13 13 13 13
-58.3002125--33.1176608 0 1 1 1 1 1 2 3 3 7 8 9 11 11 11 11 11 11 11 13 13 13 13 13 13 13 13
-58.2993675--33.1181816 60 1 1 1 1 1 1 2 3 5 8 9 11 11 11 11 11 11 11 12 13 13 13 13 13 13 13
-58.2995975--33.117105 0 1 1 1 1 1 1 2 3 6 8 9 11 11 11 11 11 11 11 13 13 13 13 13 13 13 13
-58.2991914--33.1171655 65 1 1 1 1 1 1 2 3 5 8 9 10 11 11 11 11 11 11 12 13 13 13 13 13 13 13
-58.2982178--33.1171649 101 1 1 1 1 1 1 1 3 4 8 8 10 11 11 11 11 11 11 12 13 13 13 13 13 13 13
-58.2998555--33.1173382 61 1 1 1 1 1 1 2 3 6 8 9 11 11 11 11 11 11 11 13 13 13 13 13 13 13 13
-58.2991914--33.1171655 34 1 1 1 1 1 1 2 3 5 8 9 10 11 11 11 11 11 11 12 13 13 13 13 13 13 13
-58.2991017--33.1179388 53 1 1 1 1 1 1 2 3 4 7 8 10 11 11 11 11 11 11 12 13 13 13 13 13 13 13
-58.298677--33.117551 3 1 1 1 1 1 1 2 3 4 7 8 10 11 11 11 11 11 11 12 13 13 13 13 13 13 13
-58.2983912--33.1173107 47 1 1 1 1 1 1 1 3 5 8 9 10 11 11 11 11 11 11 12 13 13 13 13 13 13 13
-58.2979016--33.116899 63 1 1 1 1 1 1 1 3 4 8 8 10 11 11 11 11 11 11 12 13 13 13 13 13 13 13
-58.2968903--33.1174703 60 1 1 1 1 1 1 1 2 3 6 8 9 11 11 11 11 11 11 11 13 13 13 13 13 13 13
-58.2965381--33.1171579 43 1 1 1 1 1 1 1 2 3 7 8 9 11 11 11 11 11 11 11 13 13 13 13 13 13 13
-58.2970284--33.1175928 53 1 1 1 1 1 1 1 2 3 6 8 9 11 11 11 11 11 11 11 13 13 13 13 13 13 13
-58.2973412--33.1178701 55 1 1 1 1 1 1 1 2 3 6 8 9 11 11 11 11 11 11 11 13 13 13 13 13 13 13
-58.3060621--33.1176622 65 1 1 2 3 5 8 8 11 11 11 11 11 11 11 12 13 13 13 13 13 13 13 13 13 13 13
-58.3068674--33.1170167 64 1 1 1 3 7 8 9 11 11 11 11 11 11 11 13 13 13 13 13 13 13 13 13 13 13 13
-58.3076668--33.1151575 64 1 1 1 4 8 9 11 11 11 11 11 11 11 13 13 13 13 13 13 13 13 13 13 13 13 13
-58.3053312--33.1170083 55 1 1 1 3 4 8 8 10 11 11 11 11 11 11 12 13 13 13 13 13 13 13 13 13 13 13
-58.3061436--33.1163646 76 1 1 1 2 6 8 9 11 11 11 11 11 11 11 13 13 13 13 13 13 13 13 13 13 13 13
-58.3068731--33.1157865 63 1 1 1 3 7 8 10 11 11 11 11 11 11 12 13 13 13 13 13 13 13 13 13 13 13 13
-58.3045877--33.1163432 114 1 1 1 2 3 6 8 9 11 11 11 11 11 11 11 13 13 13 13 13 13 13 13 13 13 13
-58.3054005--33.1156952 51 1 1 1 1 4 8 8 10 11 11 11 11 11 11 12 13 13 13 13 13 13 13 13 13 13 13
-58.306588--33.1142136 92 1 1 1 3 6 9 11 11 11 11 11 11 11 12 13 13 13 13 13 13 13 13 13 13 13 13
-58.3056267--33.1143536 33 1 1 1 2 5 8 9 11 11 11 11 11 11 11 13 13 13 13 13 13 13 13 13 13 13 13
-58.3030912--33.116333 12 1 1 1 1 3 5 8 9 11 11 11 11 11 11 11 12 13 13 13 13 13 13 13 13 13 13
-58.3038749--33.1157055 70 1 1 1 1 3 7 8 9 11 11 11 11 11 11 11 13 13 13 13 13 13 13 13 13 13 13
-58.3037229--33.1155696 29 1 1 1 1 3 7 8 9 11 11 11 11 11 11 11 13 13 13 13 13 13 13 13 13 13 13
-58.3046932--33.115058 114 1 1 1 1 5 8 9 11 11 11 11 11 11 11 12 13 13 13 13 13 13 13 13 13 13 13
-58.3044608--33.1148487 22 1 1 1 1 3 8 8 10 11 11 11 11 11 11 12 13 13 13 13 13 13 13 13 13 13 13
-58.3052853--33.1182847 38 1 1 2 2 3 7 8 9 11 11 11 11 11 11 11 13 13 13 13 13 13 13 13 13 13 13
-58.304548--33.1176289 72 1 1 1 2 3 6 8 9 11 11 11 11 11 11 11 13 13 13 13 13 13 13 13 13 13 13
-58.3038045--33.1169675 72 1 1 1 2 3 4 8 8 10 11 11 11 11 11 11 12 13 13 13 13 13 13 13 13 13 13
-58.3030912--33.116333 85 1 1 1 1 3 5 8 9 11 11 11 11 11 11 11 12 13 13 13 13 13 13 13 13 13 13
-58.3044984--33.1189154 62 1 1 1 2 3 5 8 8 11 11 11 11 11 11 11 12 13 13 13 13 13 13 13 13 13 13
-58.3044984--33.1189154 106 1 1 1 2 3 5 8 8 11 11 11 11 11 11 11 12 13 13 13 13 13 13 13 13 13 13
-58.3029836--33.1188795 63 1 1 1 1 2 3 6 8 9 11 11 11 11 11 11 11 13 13 13 13 13 13 13 13 13 13
-58.303748--33.1182628 0 1 1 1 2 3 4 7 8 10 11 11 11 11 11 11 12 13 13 13 13 13 13 13 13 13 13
-58.3022504--33.1182245 58 1 1 1 1 2 3 4 8 8 10 11 11 11 11 11 11 12 13 13 13 13 13 13 13 13 13
-58.3029978--33.1176105 47 1 1 1 1 2 3 6 8 9 11 11 11 11 11 11 11 13 13 13 13 13 13 13 13 13 13
-58.3000913--33.1202746 99 1 1 1 1 1 2 3 3 7 8 9 11 11 11 11 11 11 11 13 13 13 13 13 13 13 13
-58.300393--33.1192313 19 1 1 1 1 1 2 3 4 7 8 9 11 11 11 11 11 11 11 13 13 13 13 13 13 13 13
-58.3014101--33.1213904 55 1 1 1 1 1 2 3 5 8 8 11 11 11 11 11 11 11 12 13 13 13 13 13 13 13 13
-58.3014566--33.1201219 75 1 1 1 1 1 2 3 6 8 9 11 11 11 11 11 11 11 13 13 13 13 13 13 13 13 13
-58.3014546--33.1188379 76 1 1 1 1 1 3 3 6 8 9 11 11 11 11 11 11 11 13 13 13 13 13 13 13 13 13
-58.3022504--33.1182245 90 1 1 1 1 2 3 4 8 8 10 11 11 11 11 11 11 12 13 13 13 13 13 13 13 13 13
-58.300393--33.1192313 24 1 1 1 1 1 2 3 4 7 8 9 11 11 11 11 11 11 11 13 13 13 13 13 13 13 13
-58.3010822--33.1184973 47 1 1 1 1 1 2 3 5 8 9 11 11 11 11 11 11 11 12 13 13 13 13 13 13 13 13
-58.3022019--33.1207675 82 1 1 1 1 2 2 3 7 8 9 11 11 11 11 11 11 11 13 13 13 13 13 13 13 13 13
-58.3037259--33.1195424 82 1 1 1 2 2 3 7 8 9 11 11 11 11 11 11 11 13 13 13 13 13 13 13 13 13 13
-58.3014566--33.1201219 70 1 1 1 1 1 2 3 6 8 9 11 11 11 11 11 11 11 13 13 13 13 13 13 13 13 13
-58.3022218--33.119503 66 1 1 1 1 2 3 4 7 8 10 11 11 11 11 11 11 12 13 13 13 13 13 13 13 13 13
-58.286161--33.1279237 115 1 1 1 1 1 1 1 1 1 1 1 1 1 1 2 3 3 7 8 9 11 11 11 11 11 11
-58.2866533--33.124956 226 1 1 1 1 1 1 1 1 1 1 1 1 1 1 3 6 8 9 11 11 11 11 11 11 11 13
-58.3006343--33.1220122 74 1 1 1 1 1 2 2 3 7 8 9 11 11 11 11 11 11 11 13 13 13 13 13 13 13 13
-58.3006354--33.1207591 60 1 1 1 1 1 2 3 4 7 8 10 11 11 11 11 11 11 12 13 13 13 13 13 13 13 13
-58.2981486--33.1240042 102 1 1 1 1 1 1 1 2 3 4 8 8 11 11 11 11 11 11 11 12 13 13 13 13 13 13
-58.2981486--33.1240042 91 1 1 1 1 1 1 1 2 3 4 8 8 11 11 11 11 11 11 11 12 13 13 13 13 13 13
-58.2997811--33.1226959 80 1 1 1 1 1 1 2 3 4 8 8 11 11 11 11 11 11 11 12 13 13 13 13 13 13 13
-58.3006343--33.1220122 57 1 1 1 1 1 2 2 3 7 8 9 11 11 11 11 11 11 11 13 13 13 13 13 13 13 13
-58.3006354--33.1207591 63 1 1 1 1 1 2 3 4 7 8 10 11 11 11 11 11 11 12 13 13 13 13 13 13 13 13
-58.2980614--33.1253168 92 1 1 1 1 1 1 1 2 2 3 7 8 10 11 11 11 11 11 11 12 13 13 13 13 13 13
-58.2965485--33.1252924 59 1 1 1 1 1 1 1 1 2 3 4 8 8 11 11 11 11 11 11 11 12 13 13 13 13 13
-58.2889409--33.129333 54 1 1 1 1 1 1 1 1 1 1 1 1 1 2 3 5 8 9 11 11 11 11 11 11 11 12
-58.2884483--33.1280725 48 1 1 1 1 1 1 1 1 1 1 1 1 1 2 3 5 8 8 11 11 11 11 11 11 11 12
-58.2879647--33.1284641 0 1 1 1 1 1 1 1 1 1 1 1 1 1 2 3 4 7 8 9 11 11 11 11 11 11 11
-58.2895179--33.1293832 18 1 1 1 1 1 1 1 1 1 1 1 1 2 3 3 7 8 9 11 11 11 11 11 11 11 13
-58.2889133--33.1288464 18 1 1 1 1 1 1 1 1 1 1 1 1 1 2 3 5 8 9 11 11 11 11 11 11 11 12
-58.2892061--33.1291064 62 1 1 1 1 1 1 1 1 1 1 1 1 2 2 3 6 8 9 11 11 11 11 11 11 11 13
-58.2889133--33.1288464 63 1 1 1 1 1 1 1 1 1 1 1 1 1 2 3 5 8 9 11 11 11 11 11 11 11 12
-58.2886188--33.128585 59 1 1 1 1 1 1 1 1 1 1 1 1 1 2 3 4 8 8 11 11 11 11 11 11 11 12
-58.281606--33.1335424 20 1 1 1 1 1 1 1 1 1 1 1 1 1 1 1 1 1 2 3 3 7 8 9 11 11 11
-58.2876307--33.1299256 140 1 1 1 1 1 1 1 1 1 1 1 1 1 1 2 3 6 8 9 11 11 11 11 11 11 11
-58.2871786--33.1295544 0 1 1 1 1 1 1 1 1 1 1 1 1 1 1 2 3 5 8 8 11 11 11 11 11 11 11
-58.2901291--33.1328134 0 1 1 1 1 1 1 1 1 1 1 1 1 2 2 2 5 8 9 11 11 11 11 11 11 12 13
-58.2895334--33.1327231 120 1 1 1 1 1 1 1 1 1 1 1 1 2 2 2 4 7 8 11 11 11 11 11 11 11 13
-58.2895733--33.1334436 5 1 1 1 1 1 1 1 1 1 1 1 1 1 2 2 3 7 8 11 11 11 11 11 11 11 13
-58.2879262--33.1328977 29 1 1 1 1 1 1 1 1 1 1 1 1 1 1 2 2 3 7 8 11 11 11 11 11 11 11
-58.2827773--33.1325672 35 1 1 1 1 1 1 1 1 1 1 1 1 1 1 1 1 1 2 3 6 8 9 11 11 11 11
-58.2823483--33.1329151 34 1 1 1 1 1 1 1 1 1 1 1 1 1 1 1 1 1 2 3 5 8 9 11 11 11 11
-58.280816--33.1341127 18 1 1 1 1 1 1 1 1 1 1 1 1 1 1 1 1 1 1 2 3 5 8 9 11 11 11
-58.281606--33.1335424 37 1 1 1 1 1 1 1 1 1 1 1 1 1 1 1 1 1 2 3 3 7 8 9 11 11 11
-58.2833552--33.1330138 0 1 1 1 1 1 1 1 1 1 1 1 1 1 1 1 1 2 2 3 7 8 9 11 11 11 11
-58.2829499--33.1333826 38 1 1 1 1 1 1 1 1 1 1 1 1 1 1 1 1 1 2 3 5 8 9 11 11 11 11
-58.2811911--33.1356672 48 1 1 1 1 1 1 1 1 1 1 1 1 1 1 1 1 1 1 2 3 4 8 8 11 11 11
-58.2822366--33.1340315 67 1 1 1 1 1 1 1 1 1 1 1 1 1 1 1 1 1 2 3 3 7 8 10 11 11 11
-58.2866843--33.1421193 75 1 1 1 1 1 1 1 1 1 1 1 1 1 1 1 1 2 2 2 3 3 7 11 11 11 11
-58.2912974--33.137829 55 1 1 1 1 1 1 1 1 1 1 1 1 1 2 2 2 3 4 6 11 11 11 11 11 11 13
-58.2927355--33.1343248 70 1 1 1 1 1 1 1 1 1 1 1 2 2 2 3 4 8 11 11 11 11 11 11 13 13 13
-58.2936978--33.1368707 0 1 1 1 1 1 1 1 1 1 1 1 1 2 2 2 3 4 9 11 11 11 11 11 13 13 13
-58.298001--33.1343457 165 1 1 1 1 1 1 1 1 1 1 1 2 2 2 4 6 8 11 11 11 11 12 13 13 13 13
-58.297462--33.1286605 54 1 1 1 1 1 1 1 2 2 2 3 3 6 11 11 11 11 11 11 11 13 13 13 13 13 13
-58.2967932--33.1293399 50 1 1 1 1 1 1 1 1 2 2 2 3 4 10 11 11 11 11 11 11 12 13 13 13 13 13
-58.2981343--33.1279948 56 1 1 1 1 1 1 1 2 2 2 3 4 9 11 11 11 11 11 11 12 13 13 13 13 13 13
-58.2988274--33.1272937 75 1 1 1 1 1 1 2 2 2 3 3 5 11 11 11 11 11 11 11 13 13 13 13 13 13 13
-58.2996018--33.1266818 28 1 1 1 1 1 1 2 2 2 3 4 9 11 11 11 11 11 11 12 13 13 13 13 13 13 13
-58.3021304--33.1246495 0 1 1 1 1 2 2 2 3 3 6 11 11 11 11 11 11 11 13 13 13 13 13 13 13 13 13
-58.3029194--33.1253615 85 1 1 1 1 2 2 2 3 3 7 11 11 11 11 11 11 12 13 13 13 13 13 13 13 13 13
-58.2980702--33.1265903 60 1 1 1 1 1 1 1 2 2 2 4 8 9 11 11 11 11 11 11 12 13 13 13 13 13 13
-58.3003689--33.1260668 45 1 1 1 1 1 2 2 2 3 3 5 11 11 11 11 11 11 11 13 13 13 13 13 13 13 13
-58.3011731--33.1254184 62 1 1 1 1 1 2 2 2 3 4 9 11 11 11 11 11 11 12 13 13 13 13 13 13 13 13
-58.3021199--33.1233295 55 1 1 1 1 2 2 2 3 5 9 11 11 11 11 11 11 11 13 13 13 13 13 13 13 13 13
-58.3018178--33.1230601 66 1 1 1 1 2 2 2 4 6 8 11 11 11 11 11 11 11 13 13 13 13 13 13 13 13 13
-58.301315--33.1239875 77 1 1 1 1 1 2 2 2 4 8 10 11 11 11 11 11 11 12 13 13 13 13 13 13 13 13
-58.3005416--33.1233335 59 1 1 1 1 1 2 2 2 5 8 9 11 11 11 11 11 11 11 13 13 13 13 13 13 13 13
-58.3011731--33.1254184 49 1 1 1 1 1 2 2 2 3 4 9 11 11 11 11 11 11 12 13 13 13 13 13 13 13 13
-58.2988855--33.1246599 70 1 1 1 1 1 1 2 2 2 5 8 9 11 11 11 11 11 11 11 13 13 13 13 13 13 13
-58.2980702--33.1265903 40 1 1 1 1 1 1 1 2 2 2 4 8 9 11 11 11 11 11 11 12 13 13 13 13 13 13
-58.3003689--33.1260668 43 1 1 1 1 1 2 2 2 3 3 5 11 11 11 11 11 11 11 13 13 13 13 13 13 13 13
-58.2996168--33.1253628 45 1 1 1 1 1 1 2 2 2 4 8 9 11 11 11 11 11 11 12 13 13 13 13 13 13 13
-58.3044319--33.1214544 36 1 1 1 2 2 2 4 8 10 11 11 11 11 11 11 12 13 13 13 13 13 13 13 13 13 13
-58.3052416--33.1221657 50 1 1 2 2 2 3 3 6 11 11 11 11 11 11 11 13 13 13 13 13 13 13 13 13 13 13
-58.3044648--33.1201729 0 1 1 1 2 2 3 7 8 10 11 11 11 11 11 11 12 13 13 13 13 13 13 13 13 13 13
-58.3036811--33.1220609 65 1 1 1 2 2 2 3 5 8 11 11 11 11 11 11 11 13 13 13 13 13 13 13 13 13 13
-58.3052771--33.1235067 61 1 1 2 2 2 2 3 4 8 11 11 11 11 11 11 13 13 13 13 13 13 13 13 13 13 13
-58.3044767--33.1227667 46 1 1 2 2 2 2 3 4 10 11 11 11 11 11 11 12 13 13 13 13 13 13 13 13 13 13
-58.3036715--33.120811 65 1 1 1 2 2 2 5 8 9 11 11 11 11 11 11 11 13 13 13 13 13 13 13 13 13 13
-58.3029062--33.1226956 48 1 1 1 1 2 2 2 4 8 10 11 11 11 11 11 11 12 13 13 13 13 13 13 13 13 13
-58.3029062--33.1226956 64 1 1 1 1 2 2 2 4 8 10 11 11 11 11 11 11 12 13 13 13 13 13 13 13 13 13
-58.304514--33.1240988 47 1 1 1 2 2 2 3 3 7 11 11 11 11 11 11 12 13 13 13 13 13 13 13 13 13 13
-58.3052771--33.1235067 13 1 1 2 2 2 2 3 4 8 11 11 11 11 11 11 13 13 13 13 13 13 13 13 13 13 13
-58.3037027--33.1233973 41 1 1 1 2 2 2 3 3 6 11 11 11 11 11 11 11 13 13 13 13 13 13 13 13 13 13
-58.3037027--33.1233973 0 1 1 1 2 2 2 3 3 6 11 11 11 11 11 11 11 13 13 13 13 13 13 13 13 13 13
-58.302607--33.1224332 68 1 1 1 1 2 2 2 5 8 9 11 11 11 11 11 11 12 13 13 13 13 13 13 13 13 13
-58.3018178--33.1230601 18 1 1 1 1 2 2 2 4 6 8 11 11 11 11 11 11 11 13 13 13 13 13 13 13 13 13
-58.3013755--33.1226657 61 1 1 1 1 1 2 2 3 7 8 10 11 11 11 11 11 11 12 13 13 13 13 13 13 13 13
-58.306804--33.1183259 121 1 1 2 2 5 8 9 11 11 11 11 11 11 11 13 13 13 13 13 13 13 13 13 13 13 13
-58.3083422--33.1183536 36 1 1 1 3 5 8 11 11 11 11 11 11 11 13 13 13 13 13 13 13 13 13 13 13 13 13
-58.3099047--33.1197729 39 1 1 1 2 4 8 11 11 11 11 11 11 13 13 13 13 13 13 13 13 13 13 13 13 13 13
-58.3052461--33.1195656 0 1 1 2 2 2 5 8 9 11 11 11 11 11 11 11 13 13 13 13 13 13 13 13 13 13 13
-58.306804--33.1183259 49 1 1 2 2 5 8 9 11 11 11 11 11 11 11 13 13 13 13 13 13 13 13 13 13 13 13
-58.3075346--33.1189876 58 1 1 2 2 4 8 10 11 11 11 11 11 11 12 13 13 13 13 13 13 13 13 13 13 13 13
-58.3091267--33.1203958 63 1 1 1 3 3 7 11 11 11 11 11 11 12 13 13 13 13 13 13 13 13 13 13 13 13 13
-58.3091267--33.1203958 0 1 1 1 3 3 7 11 11 11 11 11 11 12 13 13 13 13 13 13 13 13 13 13 13 13 13
-58.3059705--33.1202154 9 1 1 2 2 2 4 8 10 11 11 11 11 11 11 12 13 13 13 13 13 13 13 13 13 13 13
-58.3067548--33.1195997 60 1 2 2 2 3 5 8 11 11 11 11 11 11 11 13 13 13 13 13 13 13 13 13 13 13 13
-58.3075776--33.1216383 58 1 1 2 2 3 3 7 11 11 11 11 11 11 12 13 13 13 13 13 13 13 13 13 13 13 13
-58.3060078--33.1215319 47 1 2 2 2 2 3 4 9 11 11 11 11 11 11 12 13 13 13 13 13 13 13 13 13 13 13
-58.3067833--33.1209211 46 1 1 2 2 3 3 5 11 11 11 11 11 11 11 13 13 13 13 13 13 13 13 13 13 13 13
-58.3075994--33.1164301 53 1 1 1 5 8 8 11 11 11 11 11 11 11 12 13 13 13 13 13 13 13 13 13 13 13 13
-58.31067--33.1191647 76 1 1 2 2 7 11 11 11 11 11 11 12 13 13 13 13 13 13 13 13 13 13 13 13 13 13
-58.3114648--33.1185277 39 1 1 2 3 7 11 11 11 11 11 11 13 13 13 13 13 13 13 13 13 13 13 13 13 13 13
-58.3122217--33.1179207 51 1 1 2 6 10 11 11 11 11 11 12 13 13 13 13 13 13 13 13 13 13 13 13 13 13 13
-58.3130304--33.1172609 71 1 1 1 7 10 10 11 11 11 11 13 13 13 13 13 13 13 13 13 13 13 13 13 13 13 13
-58.3098566--33.1184416 26 1 1 2 2 5 11 11 11 11 11 11 11 13 13 13 13 13 13 13 13 13 13 13 13 13 13
-58.310671--33.1178097 31 1 1 2 3 9 11 11 11 11 11 11 12 13 13 13 13 13 13 13 13 13 13 13 13 13 13
-58.3114217--33.1172136 47 1 1 2 4 10 11 11 11 11 11 11 13 13 13 13 13 13 13 13 13 13 13 13 13 13 13
-58.3122509--33.1165593 22 1 1 2 9 10 11 11 11 11 11 12 13 13 13 13 13 13 13 13 13 13 13 13 13 13 13
-58.3083422--33.1183536 56 1 1 1 3 5 8 11 11 11 11 11 11 11 13 13 13 13 13 13 13 13 13 13 13 13 13
-58.3076094--33.1176851 69 1 1 1 3 7 8 10 11 11 11 11 11 11 12 13 13 13 13 13 13 13 13 13 13 13 13
-58.3098763--33.1171278 49 1 1 1 5 8 11 11 11 11 11 11 11 13 13 13 13 13 13 13 13 13 13 13 13 13 13
-58.3083503--33.1170956 80 1 1 1 5 8 9 11 11 11 11 11 11 11 13 13 13 13 13 13 13 13 13 13 13 13 13
-58.3098763--33.1171278 51 1 1 1 5 8 11 11 11 11 11 11 11 13 13 13 13 13 13 13 13 13 13 13 13 13 13
-58.3099088--33.1158555 75 1 1 3 6 9 11 11 11 11 11 11 11 13 13 13 13 13 13 13 13 13 13 13 13 13 13
-58.3114678--33.1158534 33 1 1 3 6 10 11 11 11 11 11 11 13 13 13 13 13 13 13 13 13 13 13 13 13 13 13
-58.3099088--33.1158555 22 1 1 3 6 9 11 11 11 11 11 11 11 13 13 13 13 13 13 13 13 13 13 13 13 13 13
-58.312372--33.1138856 0 1 4 6 8 9 10 11 11 11 11 12 13 13 13 13 13 13 13 13 13 13 13 13 13 13 13
-58.3083898--33.1157966 49 1 1 1 5 8 9 11 11 11 11 11 11 11 13 13 13 13 13 13 13 13 13 13 13 13 13
-58.3091561--33.1151825 43 1 1 3 6 8 11 11 11 11 11 11 11 12 13 13 13 13 13 13 13 13 13 13 13 13 13
-58.3099802--33.1145314 23 1 1 5 6 7 11 11 11 11 11 11 11 13 13 13 13 13 13 13 13 13 13 13 13 13 13
-58.311171--33.1135458 37 1 4 6 7 8 10 11 11 11 11 11 13 13 13 13 13 13 13 13 13 13 13 13 13 13 13
-58.3107946--33.1138693 0 1 3 6 7 8 10 11 11 11 11 11 12 13 13 13 13 13 13 13 13 13 13 13 13 13 13
-58.3084415--33.1145437 49 1 1 2 5 7 10 11 11 11 11 11 11 12 13 13 13 13 13 13 13 13 13 13 13 13 13
-58.3117768--33.1128726 28 1 4 5 7 8 9 11 11 11 11 11 13 13 13 13 13 13 13 13 13 13 13 13 13 13 13
-58.3092457--33.1138846 118 1 1 4 6 7 10 11 11 11 11 11 11 13 13 13 13 13 13 13 13 13 13 13 13 13 13
-58.3084415--33.1145437 31 1 1 2 5 7 10 11 11 11 11 11 11 12 13 13 13 13 13 13 13 13 13 13 13 13 13
-58.309524--33.1137858 0 1 1 4 6 7 10 11 11 11 11 11 11 13 13 13 13 13 13 13 13 13 13 13 13 13 13
-58.3078624--33.1140279 72 1 1 2 5 6 10 11 11 11 11 11 11 12 13 13 13 13 13 13 13 13 13 13 13 13 13
-58.3077955--33.1135969 21 1 1 1 5 6 8 11 11 11 11 11 11 11 13 13 13 13 13 13 13 13 13 13 13 13 13
-58.3159842--33.1138344 0 1 3 6 8 9 10 10 11 11 11 12 13 13 13 13 13 13 13 13 13 13 13 13 13 13 13
-58.3161787--33.1144875 47 1 1 6 8 9 10 10 10 11 12 13 13 13 13 13 13 13 13 13 13 13 13 13 13 13 13
-58.3146498--33.1159019 45 1 1 4 9 10 10 10 11 11 13 13 13 13 13 13 13 13 13 13 13 13 13 13 13 13 13
-58.3130851--33.1158937 26 1 1 4 9 10 10 11 11 11 11 13 13 13 13 13 13 13 13 13 13 13 13 13 13 13 13
-58.314424--33.1130451 18 2 3 6 8 8 9 10 11 11 11 12 13 13 13 13 13 13 13 13 13 13 13 13 13 13 13
-58.31389--33.1139382 50 1 3 8 8 9 10 11 11 11 11 13 13 13 13 13 13 13 13 13 13 13 13 13 13 13 13
-58.312372--33.1138856 35 1 4 6 8 9 10 11 11 11 11 12 13 13 13 13 13 13 13 13 13 13 13 13 13 13 13
-58.3122914--33.1152008 26 1 1 6 8 10 11 11 11 11 11 12 13 13 13 13 13 13 13 13 13 13 13 13 13 13 13
-58.3115553--33.1145453 44 1 2 6 7 9 11 11 11 11 11 11 13 13 13 13 13 13 13 13 13 13 13 13 13 13 13
-58.3130304--33.1172609 46 1 1 1 7 10 10 11 11 11 11 13 13 13 13 13 13 13 13 13 13 13 13 13 13 13 13
-58.3130851--33.1158937 0 1 1 4 9 10 10 11 11 11 11 13 13 13 13 13 13 13 13 13 13 13 13 13 13 13 13
-58.3106597--33.1204572 54 1 1 1 2 5 8 11 11 11 11 11 12 13 13 13 13 13 13 13 13 13 13 13 13 13 13
-58.313001--33.1185992 67 1 1 1 5 8 10 11 11 11 11 13 13 13 13 13 13 13 13 13 13 13 13 13 13 13 13
-58.3122309--33.1192185 74 1 1 1 4 7 11 11 11 11 11 12 13 13 13 13 13 13 13 13 13 13 13 13 13 13 13
-58.3114378--33.1198514 58 1 1 1 3 4 9 11 11 11 11 11 13 13 13 13 13 13 13 13 13 13 13 13 13 13 13
-58.3106597--33.1204572 63 1 1 1 2 5 8 11 11 11 11 11 12 13 13 13 13 13 13 13 13 13 13 13 13 13 13
-58.3091461--33.1217189 55 1 1 1 2 3 5 8 11 11 11 11 11 12 13 13 13 13 13 13 13 13 13 13 13 13 13
-58.3143404--33.1210711 39 1 1 1 3 4 6 9 11 11 13 13 13 13 13 13 13 13 13 13 13 13 13 13 13 13 13
-58.3129727--33.1198472 74 1 1 1 3 6 8 11 11 11 11 13 13 13 13 13 13 13 13 13 13 13 13 13 13 13 13
-58.3143404--33.1210711 39 1 1 1 3 4 6 9 11 11 13 13 13 13 13 13 13 13 13 13 13 13 13 13 13 13 13
-58.3128714--33.1211021 62 1 1 1 2 4 6 9 11 11 11 13 13 13 13 13 13 13 13 13 13 13 13 13 13 13 13
-58.3125188--33.1221043 17 1 1 1 2 3 6 8 10 11 11 12 13 13 13 13 13 13 13 13 13 13 13 13 13 13 13
-58.3113938--33.1210943 65 1 1 1 2 3 7 9 11 11 11 11 13 13 13 13 13 13 13 13 13 13 13 13 13 13 13
-58.3125188--33.1221043 25 1 1 1 2 3 6 8 10 11 11 12 13 13 13 13 13 13 13 13 13 13 13 13 13 13 13
-58.3113938--33.1210943 70 1 1 1 2 3 7 9 11 11 11 11 13 13 13 13 13 13 13 13 13 13 13 13 13 13 13
-58.3112768--33.1223271 33 1 1 1 1 3 5 7 9 11 11 11 13 13 13 13 13 13 13 13 13 13 13 13 13 13 13
-58.3105997--33.1217214 42 1 1 1 1 4 6 8 11 11 11 11 12 13 13 13 13 13 13 13 13 13 13 13 13 13 13
-58.3068116--33.1222497 52 1 1 2 2 2 3 4 8 11 11 11 11 11 11 13 13 13 13 13 13 13 13 13 13 13 13
-58.3090386--33.1229544 75 1 1 1 2 2 4 6 8 11 11 11 11 12 13 13 13 13 13 13 13 13 13 13 13 13 13
-58.3067147--33.1248661 94 1 1 1 1 2 2 3 4 7 9 11 11 11 11 13 13 13 13 13 13 13 13 13 13 13 13
-58.3060428--33.1228762 54 1 1 2 2 2 3 3 7 11 11 11 11 11 11 12 13 13 13 13 13 13 13 13 13 13 13
-58.3068239--33.1235556 74 1 1 1 2 2 2 4 6 9 11 11 11 11 11 13 13 13 13 13 13 13 13 13 13 13 13
-58.3060741--33.1241708 74 1 1 1 2 2 2 3 5 8 11 11 11 11 11 12 13 13 13 13 13 13 13 13 13 13 13
-58.3067933--33.1261109 93 1 1 1 1 1 1 2 2 3 5 7 9 11 11 11 12 13 13 13 13 13 13 13 13 13 13
-58.3067933--33.1261109 56 1 1 1 1 1 1 2 2 3 5 7 9 11 11 11 12 13 13 13 13 13 13 13 13 13 13
-58.30804--33.124652 159 1 1 1 2 2 2 4 4 8 10 11 11 11 12 13 13 13 13 13 13 13 13 13 13 13 13
-58.30804--33.124652 35 1 1 1 2 2 2 4 4 8 10 11 11 11 12 13 13 13 13 13 13 13 13 13 13 13 13
-58.3073515--33.1253216 38 1 1 1 1 2 2 2 4 6 8 11 11 11 11 12 13 13 13 13 13 13 13 13 13 13 13
-58.3083597--33.1223465 193 1 1 1 2 2 4 6 9 11 11 11 11 11 13 13 13 13 13 13 13 13 13 13 13 13 13
-58.3091461--33.1217189 62 1 1 1 2 3 5 8 11 11 11 11 11 12 13 13 13 13 13 13 13 13 13 13 13 13 13
-58.3037228--33.1247316 59 1 1 1 2 2 2 2 3 4 8 11 11 11 11 11 11 13 13 13 13 13 13 13 13 13 13
-58.3041764--33.129367 16 1 1 1 1 1 1 1 2 2 2 4 6 8 11 11 11 11 12 13 13 13 13 13 13 13 13
-58.3189327--33.1190044 73 1 2 2 4 5 7 11 12 12 13 13 13 13 13 13 13 13 13 13 13 13 13 13 13 13 13
-58.3168693--33.1192589 1 1 2 2 5 5 9 10 11 13 13 13 13 13 13 13 13 13 13 13 13 13 13 13 13 13 13
-58.3173673--33.1176161 0 1 2 4 5 7 9 10 11 13 13 13 13 13 13 13 13 13 13 13 13 13 13 13 13 13 13
-58.3138026--33.1179488 47 1 1 3 6 10 10 11 11 11 12 13 13 13 13 13 13 13 13 13 13 13 13 13 13 13 13
-58.3138026--33.1179488 56 1 1 3 6 10 10 11 11 11 12 13 13 13 13 13 13 13 13 13 13 13 13 13 13 13 13
-58.3146291--33.1172755 40 1 1 4 7 10 10 10 11 11 13 13 13 13 13 13 13 13 13 13 13 13 13 13 13 13 13
-58.3168915--33.1167117 60 1 1 5 7 9 9 10 10 13 13 13 13 13 13 13 13 13 13 13 13 13 13 13 13 13 13
-58.3168693--33.1192589 46 1 2 2 5 5 9 10 11 13 13 13 13 13 13 13 13 13 13 13 13 13 13 13 13 13 13
-58.3153808--33.1179451 68 1 1 4 5 9 10 10 11 12 13 13 13 13 13 13 13 13 13 13 13 13 13 13 13 13 13
-58.3169171--33.1179618 55 1 2 3 5 8 9 10 11 13 13 13 13 13 13 13 13 13 13 13 13 13 13 13 13 13 13
-58.3153808--33.1179451 74 1 1 4 5 9 10 10 11 12 13 13 13 13 13 13 13 13 13 13 13 13 13 13 13 13 13
-58.3172384--33.1177117 24 1 2 4 5 8 9 10 11 13 13 13 13 13 13 13 13 13 13 13 13 13 13 13 13 13 13
-58.3172384--33.1177117 34 1 2 4 5 8 9 10 11 13 13 13 13 13 13 13 13 13 13 13 13 13 13 13 13 13 13
-58.3152742--33.1192395 64 1 1 3 4 7 10 10 11 12 13 13 13 13 13 13 13 13 13 13 13 13 13 13 13 13 13
-58.314546--33.1185967 53 1 1 2 5 8 10 10 11 11 13 13 13 13 13 13 13 13 13 13 13 13 13 13 13 13 13
-58.3160554--33.1199163 3 1 1 2 3 5 8 10 10 13 13 13 13 13 13 13 13 13 13 13 13 13 13 13 13 13 13
-58.3152361--33.1205496 0 1 1 2 3 5 7 10 11 12 13 13 13 13 13 13 13 13 13 13 13 13 13 13 13 13 13
-58.2990772--33.1136554 38 1 1 1 1 1 1 2 3 7 8 9 11 11 11 11 11 11 11 13 13 13 13 13 13 13 13
-58.2976902--33.1134582 0 1 1 1 1 1 1 1 2 5 8 9 10 11 11 11 11 11 11 12 13 13 13 13 13 13 13
-58.3329749--33.1203981 2 1 2 2 2 3 3 3 3 4 4 6 7 10 11 12 12 13 13 13 13 13 13 13 13 13 13
-58.3313506--33.1202849 22 1 2 2 3 3 3 3 4 4 5 7 9 11 12 12 13 13 13 13 13 13 13 13 13 13 13
-58.3301675--33.1172755 4 2 2 2 3 3 3 4 4 4 6 7 10 11 12 12 13 13 13 13 13 13 13 13 13 13 13
-58.3293827--33.1177191 7 1 2 2 3 3 3 4 4 5 7 9 11 12 12 12 13 13 13 13 13 13 13 13 13 13 13
-58.3283031--33.1180939 0 1 1 3 3 3 4 4 4 6 7 10 11 12 12 13 13 13 13 13 13 13 13 13 13 13 13
-58.3288208--33.1201197 36 1 1 2 3 3 3 4 4 6 7 10 11 12 12 13 13 13 13 13 13 13 13 13 13 13 13
-58.3260617--33.1213382 73 1 1 1 1 3 4 4 5 7 9 11 12 12 12 13 13 13 13 13 13 13 13 13 13 13 13
-58.3275705--33.1198626 9 1 1 2 3 3 4 4 5 7 9 11 12 12 12 13 13 13 13 13 13 13 13 13 13 13 13
-58.3275705--33.1198626 30 1 1 2 3 3 4 4 5 7 9 11 12 12 12 13 13 13 13 13 13 13 13 13 13 13 13
-58.3255282--33.1210554 19 1 1 1 1 3 4 4 5 7 9 11 12 12 12 13 13 13 13 13 13 13 13 13 13 13 13
-58.325376--33.1206815 24 1 1 1 1 3 4 4 5 7 9 11 12 12 13 13 13 13 13 13 13 13 13 13 13 13 13
-58.325256--33.1203953 12 1 1 1 2 3 4 4 6 7 9 11 12 12 13 13 13 13 13 13 13 13 13 13 13 13 13
-58.3255282--33.1210554 5 1 1 1 1 3 4 4 5 7 9 11 12 12 12 13 13 13 13 13 13 13 13 13 13 13 13
-58.3254359--33.1208161 22 1 1 1 1 3 4 4 5 7 9 11 12 12 12 13 13 13 13 13 13 13 13 13 13 13 13
-58.2887066--33.13948 159 1 1 1 1 1 1 1 1 1 1 1 1 1 1 2 2 2 3 3 6 10 11 11 11 11 11
-58.2908806--33.1406573 156 1 1 1 1 1 1 1 1 1 1 1 1 1 1 1 2 2 2 3 3 5 10 11 11 11 11
-58.3007792--33.1181669 68 1 1 1 1 1 2 3 4 8 8 10 11 11 11 11 11 11 12 13 13 13 13 13 13 13 13
-58.3146984--33.1146096 0 1 1 7 9 9 10 10 11 11 12 13 13 13 13 13 13 13 13 13 13 13 13 13 13 13 13
-58.3150789--33.1135698 17 1 2 6 8 9 10 10 11 11 11 12 13 13 13 13 13 13 13 13 13 13 13 13 13 13 13
-58.3138575--33.1152108 0 1 1 7 9 10 10 11 11 11 12 13 13 13 13 13 13 13 13 13 13 13 13 13 13 13 13
-58.31389--33.1139382 25 1 3 8 8 9 10 11 11 11 11 13 13 13 13 13 13 13 13 13 13 13 13 13 13 13 13
-58.313899--33.115249 0 1 1 7 9 10 10 11 11 11 12 13 13 13 13 13 13 13 13 13 13 13 13 13 13 13 13
-58.3131245--33.1145557 35 1 1 6 8 9 10 11 11 11 11 13 13 13 13 13 13 13 13 13 13 13 13 13 13 13 13
-58.3167164--33.1149381 59 1 2 5 7 9 10 10 10 11 12 13 13 13 13 13 13 13 13 13 13 13 13 13 13 13 13
-58.3154335--33.1152705 0 1 2 5 9 9 10 10 11 11 13 13 13 13 13 13 13 13 13 13 13 13 13 13 13 13 13
-58.3147001--33.1159533 67 1 1 4 9 10 10 10 11 11 13 13 13 13 13 13 13 13 13 13 13 13 13 13 13 13 13
-58.3146498--33.1159019 0 1 1 4 9 10 10 10 11 11 13 13 13 13 13 13 13 13 13 13 13 13 13 13 13 13 13
-58.3154301--33.1166218 44 1 1 5 8 9 10 10 11 12 13 13 13 13 13 13 13 13 13 13 13 13 13 13 13 13 13
-58.3138775--33.1165846 0 1 1 3 9 10 10 11 11 11 12 13 13 13 13 13 13 13 13 13 13 13 13 13 13 13 13
-58.3113974--33.1249142 25 1 1 1 1 1 3 4 6 8 10 11 11 12 13 13 13 13 13 13 13 13 13 13 13 13 13
-58.3302313--33.1176689 26 1 2 2 3 3 3 4 4 4 6 7 10 11 12 12 13 13 13 13 13 13 13 13 13 13 13
-58.3329749--33.1203981 0 1 2 2 2 3 3 3 3 4 4 6 7 10 11 12 12 13 13 13 13 13 13 13 13 13 13
-58.3252151--33.1203107 7 1 1 1 2 3 4 4 6 7 10 11 12 12 13 13 13 13 13 13 13 13 13 13 13 13 13
-58.3247778--33.1204458 35 1 1 1 1 3 4 4 5 7 9 11 12 12 13 13 13 13 13 13 13 13 13 13 13 13 13
-58.3242706--33.1196685 22 1 1 1 2 3 4 4 6 7 10 11 12 12 13 13 13 13 13 13 13 13 13 13 13 13 13
-58.3257017--33.1194682 36 1 1 1 3 4 4 5 7 9 11 12 12 12 13 13 13 13 13 13 13 13 13 13 13 13 13
-58.3283031--33.1180939 83 1 1 3 3 3 4 4 4 6 7 10 11 12 12 13 13 13 13 13 13 13 13 13 13 13 13
-58.3271059--33.1197671 0 1 1 2 3 3 4 4 5 7 9 11 12 12 13 13 13 13 13 13 13 13 13 13 13 13 13
-58.3274043--33.1189882 40 1 1 3 3 3 4 4 6 7 9 11 12 12 13 13 13 13 13 13 13 13 13 13 13 13 13
-58.327788--33.1190132 71 1 1 3 3 3 4 4 5 7 9 11 12 12 12 13 13 13 13 13 13 13 13 13 13 13 13
-58.3223118--33.1196518 7 1 1 2 2 4 7 8 11 12 12 12 13 13 13 13 13 13 13 13 13 13 13 13 13 13 13
-58.3252194--33.1215453 20 1 1 1 1 2 4 4 4 6 7 10 11 12 12 13 13 13 13 13 13 13 13 13 13 13 13
-58.3142039--33.122594 4 1 1 1 1 3 5 7 10 11 11 13 13 13 13 13 13 13 13 13 13 13 13 13 13 13 13
-58.3219487--33.1196358 0 1 1 2 2 4 7 9 11 12 12 12 13 13 13 13 13 13 13 13 13 13 13 13 13 13 13
-58.2998844--33.1200892 36 1 1 1 1 1 1 2 3 6 8 9 11 11 11 11 11 11 11 13 13 13 13 13 13 13 13
-58.2983792--33.1187906 94 1 1 1 1 1 1 2 3 3 7 8 9 11 11 11 11 11 11 11 13 13 13 13 13 13 13
-58.2991728--33.1194449 56 1 1 1 1 1 1 2 3 4 8 8 10 11 11 11 11 11 11 12 13 13 13 13 13 13 13
-58.2965921--33.1200714 0 1 1 1 1 1 1 1 1 2 3 6 8 9 11 11 11 11 11 11 11 13 13 13 13 13 13
-58.2980932--33.118537 71 1 1 1 1 1 1 1 2 3 6 8 9 11 11 11 11 11 11 11 13 13 13 13 13 13 13
-58.2975245--33.1193874 21 1 1 1 1 1 1 1 2 3 4 8 8 10 11 11 11 11 11 11 12 13 13 13 13 13 13
-58.2980042--33.1197885 0 1 1 1 1 1 1 1 2 3 5 8 9 11 11 11 11 11 11 11 12 13 13 13 13 13 13
-58.2970486--33.1197365 69 1 1 1 1 1 1 1 2 3 3 7 8 9 11 11 11 11 11 11 11 13 13 13 13 13 13
-58.2973757--33.1203135 78 1 1 1 1 1 1 1 2 3 4 7 8 10 11 11 11 11 11 11 12 13 13 13 13 13 13
-58.298366--33.120091 32 1 1 1 1 1 1 1 2 3 6 8 9 11 11 11 11 11 11 11 13 13 13 13 13 13 13
-58.297705--33.1206203 43 1 1 1 1 1 1 1 2 3 5 8 8 11 11 11 11 11 11 11 12 13 13 13 13 13 13
-58.297705--33.1206203 39 1 1 1 1 1 1 1 2 3 5 8 8 11 11 11 11 11 11 11 12 13 13 13 13 13 13
-58.2974289--33.1208415 55 1 1 1 1 1 1 1 2 3 4 7 8 10 11 11 11 11 11 11 12 13 13 13 13 13 13
-58.2975582--33.1213799 65 1 1 1 1 1 1 1 2 3 4 8 8 11 11 11 11 11 11 11 12 13 13 13 13 13 13
-58.2975582--33.1213799 60 1 1 1 1 1 1 1 2 3 4 8 8 11 11 11 11 11 11 11 12 13 13 13 13 13 13
-58.2981343--33.1279948 68 1 1 1 1 1 1 1 2 2 2 3 4 9 11 11 11 11 11 11 12 13 13 13 13 13 13
-58.297462--33.1286605 53 1 1 1 1 1 1 1 2 2 2 3 3 6 11 11 11 11 11 11 11 13 13 13 13 13 13
-58.2961219--33.1299901 23 1 1 1 1 1 1 1 1 2 2 2 3 3 6 11 11 11 11 11 11 11 13 13 13 13 13
-58.2981226--33.1305169 71 1 1 1 1 1 1 1 1 2 2 2 3 4 8 11 11 11 11 11 12 13 13 13 13 13 13
-58.2988864--33.1299073 73 1 1 1 1 1 1 1 1 2 2 2 3 5 9 11 11 11 11 11 13 13 13 13 13 13 13
-58.2996328--33.1293117 52 1 1 1 1 1 1 1 2 2 2 3 4 8 11 11 11 11 11 12 13 13 13 13 13 13 13
-58.2988805--33.1286243 52 1 1 1 1 1 1 1 2 2 2 3 3 8 11 11 11 11 11 11 13 13 13 13 13 13 13
-58.3004251--33.1286794 44 1 1 1 1 1 1 1 2 2 2 3 5 9 11 11 11 11 11 13 13 13 13 13 13 13 13
-58.3019348--33.1274715 24 1 1 1 1 1 1 2 2 2 3 5 9 11 11 11 11 11 13 13 13 13 13 13 13 13 13
-58.301983--33.1261307 41 1 1 1 1 1 2 2 2 3 3 8 11 11 11 11 11 11 13 13 13 13 13 13 13 13 13
-58.3036976--33.1260378 83 1 1 1 1 1 2 2 2 4 6 9 11 11 11 11 11 13 13 13 13 13 13 13 13 13 13
-58.298001--33.1343457 164 1 1 1 1 1 1 1 1 1 1 1 2 2 2 4 6 8 11 11 11 11 12 13 13 13 13
-58.3059997--33.1254425 38 1 1 1 1 2 2 2 4 6 8 11 11 11 11 12 13 13 13 13 13 13 13 13 13 13 13
-58.3067732--33.1274243 113 1 1 1 1 1 1 2 2 3 5 7 9 11 11 11 12 13 13 13 13 13 13 13 13 13 13
-58.3034996--33.1274417 100 1 1 1 1 1 1 2 2 2 4 7 9 11 11 11 11 13 13 13 13 13 13 13 13 13 13
-58.3019352--33.1287133 138 1 1 1 1 1 1 1 2 2 2 4 7 9 11 11 11 11 13 13 13 13 13 13 13 13 13
-58.2988639--33.1311655 94 1 1 1 1 1 1 1 1 1 2 2 2 4 7 9 11 11 11 11 13 13 13 13 13 13 13
-58.3003558--33.1299634 191 1 1 1 1 1 1 1 1 2 2 2 4 7 9 11 11 11 11 13 13 13 13 13 13 13 13
-58.2988639--33.1311655 69 1 1 1 1 1 1 1 1 1 2 2 2 4 7 9 11 11 11 11 13 13 13 13 13 13 13
-58.2988639--33.1311655 69 1 1 1 1 1 1 1 1 1 2 2 2 4 7 9 11 11 11 11 13 13 13 13 13 13 13
-58.3003558--33.1299634 89 1 1 1 1 1 1 1 1 2 2 2 4 7 9 11 11 11 11 13 13 13 13 13 13 13 13
-58.3011614--33.1293284 65 1 1 1 1 1 1 1 2 2 2 4 6 8 11 11 11 11 12 13 13 13 13 13 13 13 13
-58.3011614--33.1293284 59 1 1 1 1 1 1 1 2 2 2 4 6 8 11 11 11 11 12 13 13 13 13 13 13 13 13
-58.3026656--33.1281335 47 1 1 1 1 1 1 2 2 2 4 6 8 11 11 11 11 12 13 13 13 13 13 13 13 13 13
-58.3034996--33.1274417 92 1 1 1 1 1 1 2 2 2 4 7 9 11 11 11 11 13 13 13 13 13 13 13 13 13 13
-58.3034996--33.1274417 70 1 1 1 1 1 1 2 2 2 4 7 9 11 11 11 11 13 13 13 13 13 13 13 13 13 13
-58.3044245--33.126687 54 1 1 1 1 1 2 2 2 4 6 8 11 11 11 11 12 13 13 13 13 13 13 13 13 13 13
-58.3045041--33.1254239 86 1 1 1 1 2 2 2 3 5 8 11 11 11 11 11 12 13 13 13 13 13 13 13 13 13 13
-58.2935721--33.1239559 84 1 1 1 1 1 1 1 1 1 1 2 3 6 8 9 11 11 11 11 11 11 11 13 13 13 13
-58.2943549--33.1233137 63 1 1 1 1 1 1 1 1 1 2 3 4 7 8 10 11 11 11 11 11 11 12 13 13 13 13
-58.2939625--33.1220007 6 1 1 1 1 1 1 1 1 1 2 3 4 7 8 10 11 11 11 11 11 11 12 13 13 13 13
-58.2956784--33.1222433 71 1 1 1 1 1 1 1 1 2 3 4 7 8 9 11 11 11 11 11 11 11 13 13 13 13 13
-58.2989835--33.1207461 39 1 1 1 1 1 1 2 3 4 7 8 10 11 11 11 11 11 11 12 13 13 13 13 13 13 13
-58.299428--33.1210709 30 1 1 1 1 1 1 2 3 5 8 9 11 11 11 11 11 11 11 12 13 13 13 13 13 13 13
-58.2977777--33.122338 42 1 1 1 1 1 1 1 2 3 5 8 8 11 11 11 11 11 11 11 12 13 13 13 13 13 13
-58.2900213--33.1289343 53 1 1 1 1 1 1 1 1 1 1 1 1 2 3 4 8 8 11 11 11 11 11 11 11 12 13
-58.295087--33.1239641 61 1 1 1 1 1 1 1 1 1 2 3 5 8 9 11 11 11 11 11 11 11 13 13 13 13 13
-58.2970828--33.123056 44 1 1 1 1 1 1 1 2 3 3 7 8 9 11 11 11 11 11 11 11 13 13 13 13 13 13
-58.2958067--33.1246331 24 1 1 1 1 1 1 1 1 2 3 4 7 8 9 11 11 11 11 11 11 11 13 13 13 13 13
-58.2977777--33.122338 61 1 1 1 1 1 1 1 2 3 5 8 8 11 11 11 11 11 11 11 12 13 13 13 13 13 13
-58.2990074--33.1220473 7 1 1 1 1 1 1 2 3 4 7 8 10 11 11 11 11 11 11 12 13 13 13 13 13 13 13
-58.2986378--33.1219843 29 1 1 1 1 1 1 2 3 3 7 8 9 11 11 11 11 11 11 11 13 13 13 13 13 13 13
-58.2925689--33.128122 15 1 1 1 1 1 1 1 1 1 1 1 2 3 4 8 8 11 11 11 11 11 11 11 12 13 13
-58.2922707--33.1284112 59 1 1 1 1 1 1 1 1 1 1 2 2 3 5 7 8 11 11 11 11 11 11 11 12 13 13
-58.2917473--33.1279995 43 1 1 1 1 1 1 1 1 1 1 1 2 3 5 8 9 11 11 11 11 11 11 11 12 13 13
-58.2920583--33.1277111 30 1 1 1 1 1 1 1 1 1 1 1 2 3 6 8 9 11 11 11 11 11 11 11 13 13 13
-58.2917473--33.1279995 4 1 1 1 1 1 1 1 1 1 1 1 2 3 5 8 9 11 11 11 11 11 11 11 12 13 13
-58.2943042--33.1245885 94 1 1 1 1 1 1 1 1 1 2 3 4 7 8 10 11 11 11 11 11 11 12 13 13 13 13
-58.2942499--33.1271584 113 1 1 1 1 1 1 1 1 1 2 2 3 7 8 9 11 11 11 11 11 11 11 13 13 13 13
-58.2998905--33.1213648 77 1 1 1 1 1 2 2 3 7 8 9 11 11 11 11 11 11 11 13 13 13 13 13 13 13 13
-58.2983761--33.1225482 44 1 1 1 1 1 1 2 3 3 7 8 9 11 11 11 11 11 11 11 13 13 13 13 13 13 13
-58.2974154--33.1233352 139 1 1 1 1 1 1 1 2 3 4 7 8 10 11 11 11 11 11 11 12 13 13 13 13 13 13
-58.2966065--33.123987 65 1 1 1 1 1 1 1 1 2 3 5 8 9 11 11 11 11 11 11 11 13 13 13 13 13 13
-58.2958067--33.1246331 72 1 1 1 1 1 1 1 1 2 3 4 7 8 9 11 11 11 11 11 11 11 13 13 13 13 13
-58.2958067--33.1246331 63 1 1 1 1 1 1 1 1 2 3 4 7 8 9 11 11 11 11 11 11 11 13 13 13 13 13
-58.2947429--33.1259912 39 1 1 1 1 1 1 1 1 1 1 2 3 4 7 8 10 11 11 11 11 11 11 12 13 13 13
-58.2942499--33.1271584 42 1 1 1 1 1 1 1 1 1 2 2 3 7 8 9 11 11 11 11 11 11 11 13 13 13 13
-58.2942499--33.1271584 94 1 1 1 1 1 1 1 1 1 2 2 3 7 8 9 11 11 11 11 11 11 11 13 13 13 13
-58.2957778--33.1259041 61 1 1 1 1 1 1 1 1 2 2 3 7 8 9 11 11 11 11 11 11 11 13 13 13 13 13
-58.2921563--33.1305844 171 1 1 1 1 1 1 1 1 1 1 1 2 2 3 7 8 10 11 11 11 11 11 11 12 13 13
-58.2949928--33.127787 91 1 1 1 1 1 1 1 1 1 2 2 3 7 8 10 11 11 11 11 11 11 12 13 13 13 13
-58.2965166--33.1265571 90 1 1 1 1 1 1 1 1 2 2 3 7 8 10 11 11 11 11 11 11 12 13 13 13 13 13
-58.2957535--33.1284571 117 1 1 1 1 1 1 1 1 2 2 2 3 5 8 11 11 11 11 11 11 11 13 13 13 13 13
-58.2945906--33.1286217 77 1 1 1 1 1 1 1 1 1 2 2 2 5 8 9 11 11 11 11 11 11 11 13 13 13 13
-58.2942734--33.1283638 21 1 1 1 1 1 1 1 1 1 2 2 2 5 8 9 11 11 11 11 11 11 11 13 13 13 13
-58.2938799--33.1294437 24 1 1 1 1 1 1 1 1 1 2 2 2 3 6 8 11 11 11 11 11 11 11 12 13 13 13
-58.2938613--33.1292069 15 1 1 1 1 1 1 1 1 1 2 2 2 4 7 8 11 11 11 11 11 11 11 13 13 13 13
-58.2950543--33.1290234 0 1 1 1 1 1 1 1 1 1 2 2 2 4 8 10 11 11 11 11 11 11 12 13 13 13 13
-58.2940041--33.1298366 16 1 1 1 1 1 1 1 1 1 1 2 2 2 5 8 10 11 11 11 11 11 11 12 13 13 13
-58.2940041--33.1298366 17 1 1 1 1 1 1 1 1 1 1 2 2 2 5 8 10 11 11 11 11 11 11 12 13 13 13
-58.2940041--33.1298366 0 1 1 1 1 1 1 1 1 1 1 2 2 2 5 8 10 11 11 11 11 11 11 12 13 13 13
-58.2950618--33.1310942 0 1 1 1 1 1 1 1 1 1 1 1 2 2 2 5 8 10 11 11 11 11 11 11 12 13 13
-58.2940041--33.1298366 24 1 1 1 1 1 1 1 1 1 1 2 2 2 5 8 10 11 11 11 11 11 11 12 13 13 13
-58.2935258--33.1277153 21 1 1 1 1 1 1 1 1 1 1 2 3 4 8 8 11 11 11 11 11 11 11 12 13 13 13
-58.2931737--33.1285852 40 1 1 1 1 1 1 1 1 1 1 2 2 3 5 7 8 11 11 11 11 11 11 11 13 13 13
-58.2932454--33.1303363 41 1 1 1 1 1 1 1 1 1 1 1 2 2 2 4 7 8 11 11 11 11 11 11 11 13 13
-58.2929589--33.1323141 29 1 1 1 1 1 1 1 1 1 1 2 2 2 3 4 6 10 11 11 11 11 11 11 13 13 13
-58.2947966--33.1315288 19 1 1 1 1 1 1 1 1 1 1 1 2 2 2 5 8 9 11 11 11 11 11 11 11 13 13
-58.2927102--33.1310143 50 1 1 1 1 1 1 1 1 1 1 1 2 2 2 5 8 10 11 11 11 11 11 11 12 13 13
-58.2934974--33.1316252 9 1 1 1 1 1 1 1 1 1 1 1 2 2 2 4 7 10 11 11 11 11 11 11 13 13 13
-58.2940041--33.1298366 19 1 1 1 1 1 1 1 1 1 1 2 2 2 5 8 10 11 11 11 11 11 11 12 13 13 13
-58.2938799--33.1294437 19 1 1 1 1 1 1 1 1 1 2 2 2 3 6 8 11 11 11 11 11 11 11 12 13 13 13
-58.2942734--33.1283638 3 1 1 1 1 1 1 1 1 1 2 2 2 5 8 9 11 11 11 11 11 11 11 13 13 13 13
-58.294468--33.132138 7 1 1 1 1 1 1 1 1 1 2 2 2 3 3 5 10 11 11 11 11 11 11 13 13 13 13
-58.2952218--33.1308833 0 1 1 1 1 1 1 1 1 1 1 1 2 2 3 5 8 10 11 11 11 11 11 11 12 13 13
-58.2947966--33.1315288 176 1 1 1 1 1 1 1 1 1 1 1 2 2 2 5 8 9 11 11 11 11 11 11 11 13 13
-58.2856906--33.1323359 244 1 1 1 1 1 1 1 1 1 1 1 1 1 1 1 2 3 4 8 8 11 11 11 11 11 11
-58.2886106--33.1300219 58 1 1 1 1 1 1 1 1 1 1 1 1 1 2 3 4 8 8 11 11 11 11 11 11 11 12
-58.2804505--33.1363154 13 1 1 1 1 1 1 1 1 1 1 1 1 1 1 1 1 1 1 2 2 3 7 8 9 11 11
-58.2841329--33.1336148 25 1 1 1 1 1 1 1 1 1 1 1 1 1 1 1 1 2 3 4 8 8 11 11 11 11 11
-58.2837238--33.133984 56 1 1 1 1 1 1 1 1 1 1 1 1 1 1 1 1 2 3 3 7 8 10 11 11 11 11
-58.2815488--33.1359469 46 1 1 1 1 1 1 1 1 1 1 1 1 1 1 1 1 1 1 2 3 5 8 9 11 11 11
-58.2830082--33.1346298 76 1 1 1 1 1 1 1 1 1 1 1 1 1 1 1 1 1 2 3 5 8 9 11 11 11 11
-58.2884363--33.1310256 76 1 1 1 1 1 1 1 1 1 1 1 1 1 2 3 4 7 8 11 11 11 11 11 11 11 12
-58.2870926--33.1322517 27 1 1 1 1 1 1 1 1 1 1 1 1 1 1 2 3 4 7 8 11 11 11 11 11 11 11
-58.2873052--33.1334071 41 1 1 1 1 1 1 1 1 1 1 1 1 1 1 2 2 3 5 8 10 11 11 11 11 11 11
-58.2871877--33.1335242 44 1 1 1 1 1 1 1 1 1 1 1 1 1 1 2 2 3 5 8 10 11 11 11 11 11 11
-58.2856583--33.1335607 38 1 1 1 1 1 1 1 1 1 1 1 1 1 1 1 2 3 4 8 8 11 11 11 11 11 11
-58.2849267--33.1342283 0 1 1 1 1 1 1 1 1 1 1 1 1 1 1 1 2 2 3 7 8 9 11 11 11 11 11
-58.2845181--33.1346011 57 1 1 1 1 1 1 1 1 1 1 1 1 1 1 1 1 2 3 5 8 9 11 11 11 11 11
-58.2830779--33.1359153 56 1 1 1 1 1 1 1 1 1 1 1 1 1 1 1 1 1 2 3 5 8 9 11 11 11 11
-58.2823537--33.1365762 60 1 1 1 1 1 1 1 1 1 1 1 1 1 1 1 1 1 2 3 3 7 8 10 11 11 11
-58.2824709--33.1378423 67 1 1 1 1 1 1 1 1 1 1 1 1 1 1 1 1 1 2 2 3 5 7 9 11 11 11
-58.2838862--33.1365595 72 1 1 1 1 1 1 1 1 1 1 1 1 1 1 1 1 2 2 3 5 7 9 11 11 11 11
-58.2850385--33.1362043 41 1 1 1 1 1 1 1 1 1 1 1 1 1 1 1 2 2 2 3 7 8 11 11 11 11 11
-58.285755--33.1355623 21 1 1 1 1 1 1 1 1 1 1 1 1 1 1 1 2 2 2 5 8 10 11 11 11 11 11
-58.2864825--33.1342062 40 1 1 1 1 1 1 1 1 1 1 1 1 1 1 2 2 2 3 7 8 11 11 11 11 11 11
-58.2864825--33.1342062 49 1 1 1 1 1 1 1 1 1 1 1 1 1 1 2 2 2 3 7 8 11 11 11 11 11 11
-58.2873052--33.1334071 56 1 1 1 1 1 1 1 1 1 1 1 1 1 1 2 2 3 5 8 10 11 11 11 11 11 11
-58.2895239--33.1334998 28 1 1 1 1 1 1 1 1 1 1 1 1 1 2 2 3 7 8 11 11 11 11 11 11 11 13
-58.2888677--33.1342439 31 1 1 1 1 1 1 1 1 1 1 1 1 1 2 2 2 5 8 9 11 11 11 11 11 11 12
-58.2882658--33.1349266 36 1 1 1 1 1 1 1 1 1 1 1 1 1 1 2 2 3 7 8 11 11 11 11 11 11 11
-58.2879132--33.1353265 49 1 1 1 1 1 1 1 1 1 1 1 1 1 1 2 2 3 5 8 10 11 11 11 11 11 11
-58.2865069--33.1354494 26 1 1 1 1 1 1 1 1 1 1 1 1 1 1 1 2 2 3 7 8 11 11 11 11 11 11
-58.2853773--33.136467 83 1 1 1 1 1 1 1 1 1 1 1 1 1 1 1 2 2 2 5 7 9 11 11 11 11 11
-58.2846229--33.1371466 18 1 1 1 1 1 1 1 1 1 1 1 1 1 1 1 1 2 2 3 6 8 11 11 11 11 11
-58.2846229--33.1371466 41 1 1 1 1 1 1 1 1 1 1 1 1 1 1 1 1 2 2 3 6 8 11 11 11 11 11
-58.283173--33.1384069 22 1 1 1 1 1 1 1 1 1 1 1 1 1 1 1 1 1 2 2 3 6 8 11 11 11 11
-58.2838355--33.1399371 98 1 1 1 1 1 1 1 1 1 1 1 1 1 1 1 1 1 2 2 2 5 8 10 11 11 11
-58.2862861--33.1371718 32 1 1 1 1 1 1 1 1 1 1 1 1 1 1 1 2 2 2 5 8 9 11 11 11 11 11
-58.2869124--33.1364615 77 1 1 1 1 1 1 1 1 1 1 1 1 1 1 1 2 2 3 7 8 11 11 11 11 11 11
-58.2899349--33.1330336 43 1 1 1 1 1 1 1 1 1 1 1 1 2 2 2 5 7 9 11 11 11 11 11 11 11 13
-58.2927102--33.1310143 56 1 1 1 1 1 1 1 1 1 1 1 2 2 2 5 8 10 11 11 11 11 11 11 12 13 13
-58.2915078--33.1325375 17 1 1 1 1 1 1 1 1 1 1 1 2 2 2 3 5 9 11 11 11 11 11 11 11 13 13
-58.2909035--33.131935 60 1 1 1 1 1 1 1 1 1 1 1 1 2 2 3 7 8 11 11 11 11 11 11 11 13 13
-58.2891908--33.1338775 52 1 1 1 1 1 1 1 1 1 1 1 1 1 2 2 3 5 8 10 11 11 11 11 11 11 12
-58.2934974--33.1316252 55 1 1 1 1 1 1 1 1 1 1 1 2 2 2 4 7 10 11 11 11 11 11 11 13 13 13
-58.2873777--33.1377589 46 1 1 1 1 1 1 1 1 1 1 1 1 1 1 1 2 2 2 4 7 10 11 11 11 11 11
-58.2868424--33.1384828 57 1 1 1 1 1 1 1 1 1 1 1 1 1 1 1 2 2 2 3 5 9 10 11 11 11 11
-58.2929589--33.1323141 60 1 1 1 1 1 1 1 1 1 1 2 2 2 3 4 6 10 11 11 11 11 11 11 13 13 13
-58.2915078--33.1325375 39 1 1 1 1 1 1 1 1 1 1 1 2 2 2 3 5 9 11 11 11 11 11 11 11 13 13
-58.290924--33.133277 54 1 1 1 1 1 1 1 1 1 1 1 1 2 2 2 4 7 10 11 11 11 11 11 11 13 13
-58.289767--33.1347427 70 1 1 1 1 1 1 1 1 1 1 1 1 1 2 2 2 4 7 10 11 11 11 11 11 11 13
-58.2899239--33.1353405 32 1 1 1 1 1 1 1 1 1 1 1 1 1 2 2 2 3 5 10 11 11 11 11 11 11 13
-58.2883163--33.1382636 34 1 1 1 1 1 1 1 1 1 1 1 1 1 1 2 2 2 3 4 7 10 11 11 11 11 11
-58.2909186--33.1358293 100 1 1 1 1 1 1 1 1 1 1 1 1 2 2 2 3 3 6 10 11 11 11 11 11 12 13
-58.2888248--33.1376028 54 1 1 1 1 1 1 1 1 1 1 1 1 1 1 2 2 2 3 4 10 11 11 11 11 11 11
-58.291151--33.1355081 48 1 1 1 1 1 1 1 1 1 1 1 1 2 2 2 3 3 6 11 11 11 11 11 11 12 13
-58.2925867--33.1345067 34 1 1 1 1 1 1 1 1 1 1 1 2 2 2 3 3 7 11 11 11 11 11 11 12 13 13
-58.292391--33.1330406 33 1 1 1 1 1 1 1 1 1 1 1 2 2 2 3 4 10 11 11 11 11 11 11 13 13 13
-58.292391--33.1330406 50 1 1 1 1 1 1 1 1 1 1 1 2 2 2 3 4 10 11 11 11 11 11 11 13 13 13
-58.2965289--33.1330546 232 1 1 1 1 1 1 1 1 1 1 2 2 2 4 6 8 11 11 11 11 12 13 13 13 13 13
-58.2944905--33.1359433 134 1 1 1 1 1 1 1 1 1 1 1 1 2 2 2 4 4 9 11 11 11 11 11 13 13 13
-58.29522--33.1354 119 1 1 1 1 1 1 1 1 1 1 1 1 2 2 2 4 7 11 11 11 11 11 12 13 13 13
-58.2921562--33.135039 47 1 1 1 1 1 1 1 1 1 1 1 2 2 2 3 3 5 10 11 11 11 11 11 12 13 13
-58.2915969--33.1357533 50 1 1 1 1 1 1 1 1 1 1 1 1 2 2 2 3 4 9 11 11 11 11 11 11 13 13
-58.2919532--33.1370152 82 1 1 1 1 1 1 1 1 1 1 1 1 1 2 2 2 3 5 11 11 11 11 11 11 13 13
-58.3077955--33.1135969 0 1 1 1 5 6 8 11 11 11 11 11 11 11 13 13 13 13 13 13 13 13 13 13 13 13 13
-58.310464--33.113224 43 1 2 5 6 8 10 11 11 11 11 11 12 13 13 13 13 13 13 13 13 13 13 13 13 13 13
-58.3116872--33.1124404 5 1 2 5 7 8 9 11 11 11 11 11 12 13 13 13 13 13 13 13 13 13 13 13 13 13 13
-58.3147146--33.1126552 2 1 4 5 8 8 9 10 11 11 11 11 13 13 13 13 13 13 13 13 13 13 13 13 13 13 13
-58.3116872--33.1124404 7 1 2 5 7 8 9 11 11 11 11 11 12 13 13 13 13 13 13 13 13 13 13 13 13 13 13
-58.2987892--33.1205104 37 1 1 1 1 1 1 2 3 3 7 8 9 11 11 11 11 11 11 11 13 13 13 13 13 13 13
-58.2886894--33.1361076 206 1 1 1 1 1 1 1 1 1 1 1 1 1 1 2 2 2 5 7 10 11 11 11 11 11 11
-58.2853412--33.1352407 67 1 1 1 1 1 1 1 1 1 1 1 1 1 1 1 2 2 3 5 7 9 11 11 11 11 11
-58.2850385--33.1362043 42 1 1 1 1 1 1 1 1 1 1 1 1 1 1 1 2 2 2 3 7 8 11 11 11 11 11
-58.2975582--33.1213799 57 1 1 1 1 1 1 1 2 3 4 8 8 11 11 11 11 11 11 11 12 13 13 13 13 13 13
-58.2885443--33.1346108 52 1 1 1 1 1 1 1 1 1 1 1 1 1 2 2 2 4 7 9 11 11 11 11 11 11 11
-58.3091962--33.1133857 0 1 1 4 6 7 10 11 11 11 11 11 11 13 13 13 13 13 13 13 13 13 13 13 13 13 13
-58.3168774--33.1155471 0 1 2 5 7 9 10 10 10 12 13 13 13 13 13 13 13 13 13 13 13 13 13 13 13 13 13
-58.3168306--33.1162331 0 1 2 5 7 9 10 10 10 13 13 13 13 13 13 13 13 13 13 13 13 13 13 13 13 13 13
-58.3162118--33.1159848 9 1 2 5 8 9 10 10 10 12 13 13 13 13 13 13 13 13 13 13 13 13 13 13 13 13 13
-58.3189141--33.1192946 0 1 2 2 4 5 8 11 12 12 13 13 13 13 13 13 13 13 13 13 13 13 13 13 13 13 13
-58.3119213--33.1236618 33 1 1 1 1 2 4 5 7 9 11 11 11 13 13 13 13 13 13 13 13 13 13 13 13 13 13
-58.3123226--33.1245015 0 1 1 1 1 1 3 5 6 8 11 11 11 12 13 13 13 13 13 13 13 13 13 13 13 13 13
-58.3121013--33.1258569 15 1 1 1 1 1 2 3 5 6 8 11 11 12 13 13 13 13 13 13 13 13 13 13 13 13 13
-58.3127141--33.1274832 22 1 1 1 1 1 1 2 3 5 6 8 11 13 13 13 13 13 13 13 13 13 13 13 13 13 13
-58.3113482--33.1262837 47 1 1 1 1 1 2 2 3 5 7 9 11 11 13 13 13 13 13 13 13 13 13 13 13 13 13
-58.3110145--33.1248791 0 1 1 1 1 2 3 4 6 8 10 11 11 11 13 13 13 13 13 13 13 13 13 13 13 13 13
-58.2947966--33.1315288 0 1 1 1 1 1 1 1 1 1 1 1 2 2 2 5 8 9 11 11 11 11 11 11 11 13 13
-58.3168281--33.1150356 0 1 2 5 7 9 10 10 10 11 12 13 13 13 13 13 13 13 13 13 13 13 13 13 13 13 13
-58.2993675--33.1181816 0 1 1 1 1 1 1 2 3 5 8 9 11 11 11 11 11 11 11 12 13 13 13 13 13 13 13
-58.2974289--33.1208415 55 1 1 1 1 1 1 1 2 3 4 7 8 10 11 11 11 11 11 11 12 13 13 13 13 13 13
-58.2969094--33.1203634 0 1 1 1 1 1 1 1 2 3 3 7 8 9 11 11 11 11 11 11 11 13 13 13 13 13 13
-58.2969094--33.1203634 21 1 1 1 1 1 1 1 2 3 3 7 8 9 11 11 11 11 11 11 11 13 13 13 13 13 13
-58.2958451--33.1185928 64 1 1 1 1 1 1 1 1 2 3 6 8 9 11 11 11 11 11 11 11 13 13 13 13 13 13
-58.2944399--33.119638 15 1 1 1 1 1 1 1 1 1 2 3 6 8 9 11 11 11 11 11 11 11 13 13 13 13 13
-58.2952416--33.1195882 72 1 1 1 1 1 1 1 1 2 3 4 8 8 10 11 11 11 11 11 11 12 13 13 13 13 13
-58.2947542--33.1199093 21 1 1 1 1 1 1 1 1 1 3 4 7 8 9 11 11 11 11 11 11 11 13 13 13 13 13
-58.2966247--33.1193337 91 1 1 1 1 1 1 1 1 2 3 6 8 9 11 11 11 11 11 11 11 13 13 13 13 13 13
-58.2956698--33.1199693 75 1 1 1 1 1 1 1 1 2 3 4 7 8 10 11 11 11 11 11 11 12 13 13 13 13 13
-58.2956698--33.1199693 54 1 1 1 1 1 1 1 1 2 3 4 7 8 10 11 11 11 11 11 11 12 13 13 13 13 13
-58.2947565--33.1214181 20 1 1 1 1 1 1 1 1 1 2 3 5 8 9 11 11 11 11 11 11 11 13 13 13 13 13
-58.2964585--33.1207059 80 1 1 1 1 1 1 1 1 2 3 5 8 9 11 11 11 11 11 11 11 12 13 13 13 13 13
-58.2957002--33.1207258 30 1 1 1 1 1 1 1 1 2 3 4 7 8 10 11 11 11 11 11 11 12 13 13 13 13 13
-58.2927796--33.1213748 9 1 1 1 1 1 1 1 1 1 1 2 3 6 8 9 11 11 11 11 11 11 11 13 13 13 13
-58.2951597--33.1226723 25 1 1 1 1 1 1 1 1 1 2 3 6 8 9 11 11 11 11 11 11 11 13 13 13 13 13
-58.2889578--33.1225324 0 1 1 1 1 1 1 1 1 1 1 1 1 3 5 8 9 11 11 11 11 11 11 11 12 13 13
-58.2844175--33.1264184 0 1 1 1 1 1 1 1 1 1 1 1 1 1 1 1 3 5 8 9 10 11 11 11 11 11 11
-58.3292269--33.1177192 2 1 2 2 3 3 3 4 4 5 7 9 11 12 12 12 13 13 13 13 13 13 13 13 13 13 13
-58.3295831--33.1184983 20 1 1 2 3 3 3 4 4 5 7 9 11 12 12 12 13 13 13 13 13 13 13 13 13 13 13
-58.32834--33.1181036 46 1 1 3 3 3 4 4 4 6 7 10 11 12 12 13 13 13 13 13 13 13 13 13 13 13 13
-58.3275705--33.1198626 92 1 1 2 3 3 4 4 5 7 9 11 12 12 12 13 13 13 13 13 13 13 13 13 13 13 13
-58.3273903--33.1205661 13 1 1 2 3 3 4 4 4 7 7 11 12 12 12 13 13 13 13 13 13 13 13 13 13 13 13
-58.3301843--33.1205009 0 1 1 2 3 3 3 4 4 4 7 8 11 12 12 12 13 13 13 13 13 13 13 13 13 13 13
-58.2887066--33.13948 0 1 1 1 1 1 1 1 1 1 1 1 1 1 1 2 2 2 3 3 6 10 11 11 11 11 11
-58.2887066--33.13948 0 1 1 1 1 1 1 1 1 1 1 1 1 1 1 2 2 2 3 3 6 10 11 11 11 11 11
-58.2887066--33.13948 0 1 1 1 1 1 1 1 1 1 1 1 1 1 1 2 2 2 3 3 6 10 11 11 11 11 11
-58.2908806--33.1406573 0 1 1 1 1 1 1 1 1 1 1 1 1 1 1 1 2 2 2 3 3 5 10 11 11 11 11
-58.2941422--33.1346257 0 1 1 1 1 1 1 1 1 1 1 1 2 2 2 3 5 9 11 11 11 11 11 13 13 13 13
-58.2941422--33.1346257 0 1 1 1 1 1 1 1 1 1 1 1 2 2 2 3 5 9 11 11 11 11 11 13 13 13 13
-58.2897693--33.1296064 0 1 1 1 1 1 1 1 1 1 1 1 1 2 3 4 7 8 9 11 11 11 11 11 11 11 13
-58.2955698--33.1177528 0 1 1 1 1 1 1 1 1 3 5 8 8 10 11 11 11 11 11 11 12 13 13 13 13 13 13
-58.3065162--33.1138285 0 1 1 1 2 6 8 10 11 11 11 11 11 11 12 13 13 13 13 13 13 13 13 13 13 13 13
-58.3008211--33.111653 6 1 1 1 1 1 1 1 4 8 9 11 11 11 11 11 11 11 13 13 13 13 13 13 13 13 13
-58.295525--33.1140541 38 1 1 1 1 1 1 1 1 2 4 7 8 9 11 11 11 11 11 11 11 13 13 13 13 13 13
-58.2950618--33.1310942 17 1 1 1 1 1 1 1 1 1 1 1 2 2 2 5 8 10 11 11 11 11 11 11 12 13 13
-58.2952218--33.1308833 17 1 1 1 1 1 1 1 1 1 1 1 2 2 3 5 8 10 11 11 11 11 11 11 12 13 13
-58.3024127--33.1171016 44 1 1 1 1 3 3 7 8 9 11 11 11 11 11 11 11 13 13 13 13 13 13 13 13 13 13
-58.3024127--33.1171016 51 1 1 1 1 3 3 7 8 9 11 11 11 11 11 11 11 13 13 13 13 13 13 13 13 13 13
-58.300393--33.1192313 24 1 1 1 1 1 2 3 4 7 8 9 11 11 11 11 11 11 11 13 13 13 13 13 13 13 13
-58.3030912--33.116333 0 1 1 1 1 3 5 8 9 11 11 11 11 11 11 11 12 13 13 13 13 13 13 13 13 13 13
-58.3109576--33.1266081 42 1 1 1 1 1 2 2 3 5 7 9 11 11 13 13 13 13 13 13 13 13 13 13 13 13 13
-58.3101351--33.1251978 16 1 1 1 1 2 2 3 5 7 9 11 11 11 13 13 13 13 13 13 13 13 13 13 13 13 13
-58.3075426--33.1268071 17 1 1 1 1 1 2 2 3 4 6 8 11 11 11 11 13 13 13 13 13 13 13 13 13 13 13
-58.3082845--33.126212 13 1 1 1 1 1 2 2 3 5 7 9 11 11 11 12 13 13 13 13 13 13 13 13 13 13 13
-58.2987892--33.1205104 0 1 1 1 1 1 1 2 3 3 7 8 9 11 11 11 11 11 11 11 13 13 13 13 13 13 13
-58.2989342--33.119636 46 1 1 1 1 1 1 2 3 4 7 8 10 11 11 11 11 11 11 12 13 13 13 13 13 13 13
-58.2871307--33.1299742 65 1 1 1 1 1 1 1 1 1 1 1 1 1 1 2 3 4 8 8 11 11 11 11 11 11 11
-58.2874624--33.1302413 75 1 1 1 1 1 1 1 1 1 1 1 1 1 1 2 3 5 8 9 11 11 11 11 11 11 11
-58.2881032--33.1307573 44 1 1 1 1 1 1 1 1 1 1 1 1 1 2 3 3 7 8 10 11 11 11 11 11 11 11
-58.2878008--33.1240641 119 1 1 1 1 1 1 1 1 1 1 1 1 1 3 5 8 8 10 11 11 11 11 11 11 12 13
-58.2933042--33.123734 100 1 1 1 1 1 1 1 1 1 1 2 3 5 8 9 11 11 11 11 11 11 11 12 13 13 13
